,rodada_id,atleta_id,apelido,clube,posicao,preco_open,pontos_num,variacao_num,ieo_gm_mean,iao_gm_mean,ied_gm_mean,ieg_gm_mean,iro_gm,irp_gm,ippc_gm_mean,ranking_clube,fase,prob_vitoria_mandante,prob_vitoria_visitante,prob_vitoria,mando,XP_mandante,XP_visitante,XP,media_movel_mandante,media_movel_visitante,media_movel,odds,points_next,binary_prob
2910,17,87391,Allano,Goiás,ATA,2.91,0.5,0.04,0.0,0.0,32.477062315771995,8.218726399827382,5.555,2.6342213241765737,0.4333399418450965,0,5,32.722730630932496,30.16898230099481,32.722730630932496,mandante,4.2,0.0,0,2.9,-0.8,2.9,0,0,1.0
2885,17,114802,Vitor Roque,Athletico-PR,ATA,13.65,2.7,-1.13,54.616470588235295,23.72549019607843,30.448711980479302,10.895859524490506,15.383529411764705,12.004025965631552,0.7606601390649173,0,8,43.93008103934686,45.517941785667155,45.517941785667155,visitante,0.0,5.268253968253968,0,9.6,11.85,9.6,0,0,1.0
1961,17,52827,David Luiz,Flamengo,ZAG,7.42,0.0,0.0,5.882352941176472,0.980392156862745,32.29876854074829,11.600045044852498,1.666470588235294,4.129876279077923,0.4091882063234411,0,9,43.93008103934686,41.30859449800376,41.30859449800376,visitante,0.0,3.86,0,4.9,1.8333333333333333,4.9,0,0,1.0
3735,17,82455,Zé Rafael,Palmeiras,MEI,9.95,9.8,1.47,11.764705882352944,0.0,43.3003379521329,10.895859524490506,4.441176470588236,6.2936444798019995,0.4003433361174303,0,9,43.93008103934686,39.84300076271127,39.84300076271127,visitante,0.0,5.322222222222221,0,3.0,9.866666666666664,3.0,0,0,1.0
3736,17,95556,Raniele,Cuiabá,MEI,12.58,9.6,0.48,11.764705882352944,3.1372549019607834,48.043312885029565,10.895859524490506,12.548235294117644,9.4409558695273,0.4899254963861746,0,13,32.09900028725026,30.16898230099481,32.09900028725026,mandante,3.2104166666666667,0.0,0,6.925000000000002,5.7,6.925000000000002,0,0,1.0
3737,17,84674,Lucas Evangelista,Bragantino,MEI,9.03,8.2,0.37,24.714117647058824,0.0,38.88956764265644,10.895859524490506,9.91235294117647,7.745200787300937,0.7619288860759291,0,8,43.93008103934686,59.926175380021455,59.926175380021455,visitante,0.0,5.31875,0,7.125,4.933333333333334,7.125,0,0,1.0
1171,17,85425,João Paulo,Santos,GOL,10.87,10.5,1.43,0.0,0.0,29.41783895136765,39.005225575247046,0.0,7.274542287923198,0.3440494627856536,0,4,30.353273442413386,30.16898230099481,30.353273442413386,mandante,2.901388888888889,0.0,0,-0.5,3.333333333333333,-0.5,0,0,1.0
3739,17,72762,Ceppelini,Cuiabá,MEI,3.84,7.9,1.23,11.328823529411766,0.0,29.982340621718865,10.895859524490506,7.920588235294117,3.9791557648700495,0.5875093472651942,0,13,32.09900028725026,30.16898230099481,32.09900028725026,mandante,2.038095238095238,0.0,0,5.0,3.233333333333333,5.0,0,0,1.0
1178,17,42234,Cássio,Corinthians,GOL,8.53,3.0,-0.89,0.0,0.0,28.722393904968925,39.93759772458353,0.0,6.59727312710746,0.4607893802614964,0,8,43.93008103934686,26.88642657966906,26.88642657966906,visitante,0.0,4.170138888888889,0,3.0,8.5,3.0,0,0,1.0
3745,17,79701,Lucas Silva,Cruzeiro,MEI,4.71,5.8,0.28,5.882352941176472,0.0,30.512240693699518,10.895859524490506,0.0,3.111106904069997,0.19328763348019795,0,6,17.572699629610252,30.16898230099481,17.572699629610252,mandante,0.0,5.10625,0,0.0,0.0,0.0,0,0,1.0
1180,17,105949,Rochet,Internacional,GOL,8.06,1.0,-1.18,0.0,0.0,26.408436085855442,32.303646563814866,0.0,6.2402725163715385,0.4699279215408248,0,3,34.96114698259281,30.16898230099481,34.96114698259281,mandante,2.538888888888889,0.0,0,1.0,9.0,1.0,0,0,1.0
1182,17,87008,Léo Jardim,Vasco,GOL,8.45,1.0,0.31,0.0,0.0,28.760248734095107,36.18342070147678,0.0,5.111186832397516,0.19382528222819367,0,1,18.328328312270585,30.16898230099481,18.328328312270585,mandante,2.821428571428572,0.0,0,2.0,1.5,2.0,0,0,1.0
3746,17,96652,Allan,Flamengo,MEI,6.71,5.7,0.62,0.0,0.0,30.12982785509737,10.895859524490506,0.0,2.2061080081019218,0.06680838867263973,0,9,43.93008103934686,41.30859449800376,41.30859449800376,visitante,0.0,3.075,0,2.1,2.65,2.1,0,0,1.0
1184,17,106160,Lucão,Bragantino,GOL,1.74,0.0,0.0,0.0,0.0,28.705782503158282,11.67655097481144,0.0,0.2556171876997009,0.28743685422519083,0,8,43.93008103934686,59.926175380021455,59.926175380021455,visitante,0.0,1.71875,0,5.0,0.0,5.0,0,0,1.0
2898,17,102096,Anderson Oliveira,Goiás,ATA,3.07,1.6,0.02,0.0,0.0,29.81956610988869,8.218726399827382,6.2125,3.5298565743966077,0.581806892443078,0,5,32.722730630932496,30.16898230099481,32.722730630932496,mandante,3.625,0.0,0,1.75,1.6,1.75,0,0,1.0
3754,17,101405,Wallisson,Cruzeiro,MEI,3.82,4.4,0.13,0.0,0.0,32.201576333055556,10.895859524490506,4.303529411764706,2.6693675870620868,0.5287539160455653,0,6,17.572699629610252,30.16898230099481,17.572699629610252,mandante,1.7571428571428571,0.0,0,1.8333333333333333,4.4,1.8333333333333333,0,0,1.0
3928,17,100084,Igor Gomes,Atlético-MG,MEI,4.87,0.0,0.0,5.882352941176472,0.0,32.07148457448194,10.895859524490506,2.4858823529411764,2.6502141373022936,0.28644960773355604,0,2,43.93008103934686,20.68600323441277,20.68600323441277,visitante,0.0,2.702777777777777,0,2.7,1.2000000000000002,2.7,0,0,1.0
3734,17,110776,Orellano,Vasco,MEI,3.6000000000000005,10.0,1.22,3.7705882352941167,0.0,32.444109691507805,10.895859524490506,4.25125,4.6222907006029725,0.582427403080927,0,1,18.328328312270585,30.16898230099481,18.328328312270585,mandante,3.058928571428572,0.0,0,2.1500000000000004,6.05,2.1500000000000004,0,0,1.0
3729,17,99815,Arias,Fluminense,MEI,9.43,13.2,1.52,14.373529411764705,0.0,36.483339941827545,10.895859524490506,5.020588235294119,6.265541479842577,0.4059265273799622,0,7,31.387610482088785,30.16898230099481,31.387610482088785,mandante,4.584920634920635,0.0,0,7.899999999999999,2.4,7.899999999999999,0,0,1.0
1835,17,81150,Mayke,Palmeiras,LAT,8.05,9.8,0.92,23.188235294117646,1.96078431372549,40.87597564202914,11.348546672224096,0.5347058823529411,6.329002033059312,0.6623802272504921,0,9,43.93008103934686,39.84300076271127,39.84300076271127,visitante,0.0,4.807936507936509,0,4.3,5.733333333333333,4.3,0,0,1.0
1878,17,84263,Jemerson,Atlético-MG,ZAG,8.440000000000001,2.2,-0.75,4.744117647058824,0.0,31.285750244089183,11.712276615647239,1.1964705882352942,4.727982020947293,0.34878766301263303,0,2,43.93008103934686,20.68600323441277,20.68600323441277,visitante,0.0,3.8349206349206346,0,2.0,3.5333333333333337,2.0,0,0,1.0
1860,17,109389,Raul Gustavo,Bahia,ZAG,9.0,7.5,-1.18,0.0,0.0,29.592803978415052,11.023736762342171,0.5347058823529411,0.818036059029482,0.04901960784313725,0,3,48.4489626742781,30.16898230099481,48.4489626742781,mandante,0.0,0.0,0,0.0,0.0,0.0,0,0,1.0
2981,17,124251,Deivid Washington,Santos,ATA,3.63,0.0,0.0,8.403529411764708,7.84313725490196,28.54166504776948,10.895859524490506,10.27764705882353,3.876215963637907,1.5017604456701448,0,4,30.353273442413386,30.16898230099481,30.353273442413386,mandante,3.7525,0.0,0,0.0,4.8,0.0,0,0,1.0
1867,17,97900,Vitão,Internacional,ZAG,5.7399999999999975,5.5,0.19,0.0,0.0,34.60236980959737,11.572617407130744,2.7029411764705884,4.261739053827856,0.4537838425704169,0,3,34.96114698259281,30.16898230099481,34.96114698259281,mandante,4.003174603174603,0.0,0,6.2666666666666675,3.35,6.2666666666666675,0,0,1.0
1870,17,111309,Gustavo Martins,Grêmio,ZAG,3.73,4.5,-0.49,6.666666666666668,1.111111111111111,31.882551635327054,11.731691685350436,2.7414285714285707,3.1784328483886157,1.2185276490857824,0,8,43.93008103934686,58.22074717959054,58.22074717959054,visitante,0.0,5.43125,0,0.3,7.35,0.3,0,0,1.0
1873,17,98619,Kuscevic,Coritiba,ZAG,4.53,3.0,-0.4,5.882352941176472,0.980392156862745,30.865869350152153,11.232671668703034,2.873529411764706,3.5590830528518165,0.5159321110699997,0,10,17.80389281930546,30.16898230099481,17.80389281930546,mandante,3.1075,0.0,0,2.733333333333334,4.425,2.733333333333334,0,0,1.0
1877,17,109563,Joaquim,Santos,ZAG,7.929999999999999,2.4,0.11,0.0,0.0,36.61983285369371,11.514370345634706,6.251176470588233,4.948812709740452,0.3389456023898492,0,4,30.353273442413386,30.16898230099481,30.353273442413386,mandante,3.3625,0.0,0,1.725,0.6333333333333333,1.725,0,0,1.0
2953,17,72583,Pedro Henrique,Internacional,ATA,6.83,0.0,-0.76,10.953529411764707,0.8403361344537814,28.22255313319972,10.895859524490506,9.613529411764707,4.305788036296362,0.3707567313263866,0,3,34.96114698259281,30.16898230099481,34.96114698259281,mandante,3.438888888888889,0.0,0,0.0,5.9,0.0,0,0,1.0
1917,17,105672,Nicolás Hernández,Internacional,ZAG,4.59,0.0,0.0,5.882352941176472,0.0,30.907557780842595,11.400738895593786,0.5882352941176471,2.5988899656417943,0.4253750665241004,0,3,34.96114698259281,30.16898230099481,34.96114698259281,mandante,3.988888888888889,0.0,0,5.0,3.65,5.0,0,0,1.0
1878,17,110909,Guilherme Lopes,Bragantino,LAT,3.51,0.0,0.0,0.0,0.0,30.469126729737805,11.441000657866935,1.575294117647059,1.7467174492812894,0.6360129629130368,0,8,43.93008103934686,59.926175380021455,59.926175380021455,visitante,0.0,3.9854166666666666,0,5.0,8.3,5.0,0,0,1.0
1861,17,86391,Sander,Goiás,LAT,12.41,1.9,-1.66,12.816470588235294,0.0,44.87759156478919,11.396070361513491,6.2817647058823525,12.396335643183875,0.631706438927533,0,5,32.722730630932496,30.16898230099481,32.722730630932496,mandante,6.09375,0.0,0,5.633333333333333,8.275,5.633333333333333,0,0,1.0
1889,17,90768,Fabrício Bruno,Flamengo,ZAG,8.66,1.0,-0.09,5.882352941176472,0.0,36.6534503881484,11.754645346511625,0.987058823529412,4.401694038422756,0.3373954571142779,0,9,43.93008103934686,41.30859449800376,41.30859449800376,visitante,0.0,2.25,0,6.7,0.825,6.7,0,0,1.0
1857,17,78445,Renê,Internacional,LAT,11.07,2.3,-1.44,0.0,0.0,43.61062227540168,11.930437954704608,3.28,8.402343405867324,0.4948472928770118,0,3,34.96114698259281,30.16898230099481,34.96114698259281,mandante,4.376388888888888,0.0,0,5.366666666666667,6.275,5.366666666666667,0,0,1.0
1852,17,116065,Cuiabano,Grêmio,LAT,4.0600000000000005,2.6,0.18,6.7336363636363625,9.090909090909092,26.71596612290521,11.363653656781285,6.7879999999999985,3.473755151815098,0.9457850296612204,0,8,43.93008103934686,58.22074717959054,58.22074717959054,visitante,0.0,5.16875,0,0.8333333333333334,1.7000000000000002,0.8333333333333334,0,0,1.0
1850,17,97468,Marçal,Botafogo,LAT,10.42,3.6,-0.31,5.882352941176472,0.0,35.976889075735436,11.77188301080811,2.614117647058823,4.184003876356531,0.3108510347403169,0,13,43.93008103934686,51.46518602047724,51.46518602047724,visitante,0.0,5.824999999999998,0,5.5,5.199999999999998,5.5,0,0,1.0
3763,17,104153,Ruan,Corinthians,MEI,4.09,3.4,-0.22,11.23,3.781512605042016,35.8101679478565,10.895859524490506,5.779375,5.106778087279478,0.8656473364828258,0,8,43.93008103934686,26.88642657966906,26.88642657966906,visitante,0.0,5.10625,0,4.85,6.15,4.85,0,0,1.0
1859,17,83786,Neris,Cruzeiro,ZAG,4.44,7.6,0.71,5.882352941176472,0.0,31.493835014394193,11.803530285102447,0.7847058823529411,3.634883522807947,0.5931824132356814,0,6,17.572699629610252,30.16898230099481,17.572699629610252,mandante,2.45,0.0,0,5.1,7.366666666666667,5.1,0,0,1.0
2872,17,100103,Pedrinho,América-MG,ATA,5.22,5.4,0.65,0.0,0.0,31.12124390587388,7.409120605123409,17.926666666666666,5.152556071933723,0.2571296149160443,0,3,43.93008103934686,26.068996181365318,26.068996181365318,visitante,0.0,2.09375,0,5.4,1.5,5.4,0,0,1.0
2877,17,90309,David,São Paulo,ATA,5.59,3.6,-1.05,17.647058823529417,2.9411764705882355,27.11250608289225,10.895859524490506,4.012941176470588,3.133093420503817,0.4974814316893593,0,8,49.10198009508934,30.16898230099481,49.10198009508934,mandante,5.2044444444444435,0.0,0,7.366666666666667,0.35,7.366666666666667,0,0,1.0
3801,17,81952,Willian Oliveira,Goiás,MEI,2.93,1.2,0.08,0.0,0.0,33.56127004590456,10.895859524490506,3.7905882352941176,3.6569190147392434,0.7066362146564177,0,5,32.722730630932496,30.16898230099481,32.722730630932496,mandante,4.058333333333334,0.0,0,3.6666666666666665,2.566666666666667,3.6666666666666665,0,0,1.0
2876,17,101201,Vitor Jacaré,Bahia,ATA,11.67,3.9,-1.08,5.882352941176472,1.1764705882352942,34.5762179972962,10.895859524490506,8.469411764705884,5.0063806812604295,0.3408338666019469,0,3,48.4489626742781,30.16898230099481,48.4489626742781,mandante,4.1875,0.0,0,0.0,0.0,0.0,0,0,1.0
3782,17,63024,Fransérgio,Coritiba,MEI,4.07,1.7,0.14,0.0,0.0,29.875290036580356,6.5749811198619055,5.666,2.7062676248521798,0.3126385072843295,0,10,17.80389281930546,30.16898230099481,17.80389281930546,mandante,2.6375,0.0,0,1.4,2.1,1.4,0,0,1.0
2860,17,106199,Gabriel Pec,Vasco,ATA,14.66,11.1,0.76,15.882352941176471,10.588235294117649,30.818509026420266,10.895859524490506,17.316250000000004,11.289056134164953,0.3931214878958245,0,1,18.328328312270585,30.16898230099481,18.328328312270585,mandante,4.221428571428572,0.0,0,3.325,11.1,3.325,0,0,1.0
2853,17,89898,Róger Guedes,Corinthians,ATA,17.57,16.5,0.94,30.76058823529411,20.19607843137255,29.79510214567862,10.895859524490506,25.12125,14.037531153789766,0.4091341421834668,0,8,43.93008103934686,26.88642657966906,26.88642657966906,visitante,0.0,4.93125,0,9.25,4.733333333333333,9.25,0,0,1.0
334,17,125081,Armando Evangelista,Goiás,TEC,9.19,2.81,-0.47,0.0,0.0,28.581939411432494,8.335870867928572,0.0,9.97391456799656,0.591132594632381,0,5,32.722730630932496,30.16898230099481,32.722730630932496,mandante,4.833333333333334,0.0,0,4.166666666666667,5.1575000000000015,4.166666666666667,0,0,1.0
3774,17,106002,Johnny,Internacional,MEI,8.01,2.2,-0.3,16.04294117647059,3.8235294117647056,37.85811229234767,10.895859524490506,5.590588235294117,6.431151440401727,0.459988601558376,0,3,34.96114698259281,30.16898230099481,34.96114698259281,mandante,4.058888888888889,0.0,0,1.0,4.9,1.0,0,0,1.0
3817,17,122991,Breno,América-MG,MEI,3.18,0.5,0.07,7.6923076923076925,1.5384615384615383,29.677449197095214,11.169513738206703,10.655833333333334,5.2280513989950235,1.245820827863626,0,3,43.93008103934686,26.068996181365318,26.068996181365318,visitante,0.0,2.44375,0,1.85,2.15,1.85,0,0,1.0
2851,17,84042,Tiquinho Soares,Botafogo,ATA,20.91,17.7,0.82,60.379411764705885,25.11204481792717,25.07345691730687,10.895859524490506,20.481764705882355,12.098231796891218,0.5161915925407573,0,13,43.93008103934686,51.46518602047724,51.46518602047724,visitante,0.0,7.825,0,10.533333333333333,7.675000000000002,10.533333333333333,0,0,1.0
3822,17,82381,Juninho,América-MG,MEI,6.14,0.1,-0.42,11.764705882352944,2.8011204481792715,33.003964918108764,10.895859524490506,4.680625,6.162861184077589,0.44502104730017455,0,3,43.93008103934686,26.068996181365318,26.068996181365318,visitante,0.0,2.63125,0,5.7,3.6,5.7,0,0,1.0
3821,17,107111,Richard Ríos,Palmeiras,MEI,6.52,0.2,-1.92,5.115294117647059,1.96078431372549,35.20895724439839,10.895859524490506,8.01,4.4329532396358164,0.5087711543438607,0,9,43.93008103934686,39.84300076271127,39.84300076271127,visitante,0.0,3.0909722222222222,0,4.733333333333333,1.275,4.733333333333333,0,0,1.0
335,17,82747,Paulo Turra,Santos,TEC,10.36,2.81,-0.25,0.0,0.0,28.273960910986794,10.650228096009876,0.0,8.682327303618752,0.5531906348715622,0,4,30.353273442413386,30.16898230099481,30.353273442413386,mandante,0.0,3.329861111111111,0,5.9350000000000005,2.1366666666666667,5.9350000000000005,0,0,1.0
325,17,40990,Dorival Júnior,São Paulo,TEC,11.04,5.88,0.5,0.0,0.0,28.12040044555339,11.256337924258345,0.0,9.044746006033382,0.5201852199560895,0,8,49.10198009508934,30.16898230099481,49.10198009508934,mandante,5.576666666666667,0.0,0,6.7025,3.4433333333333334,6.7025,0,0,1.0
2870,17,94444,Matheus Babi,Goiás,ATA,4.0,6.4,1.65,100.0,20.0,14.285714285714285,2.1739130434782608,9.09,13.487213179784057,1.6,0,5,32.722730630932496,30.16898230099481,32.722730630932496,mandante,5.95,0.0,0,6.4,0.0,6.4,0,0,1.0
324,17,123907,Pepa,Cruzeiro,TEC,11.45,6.01,0.4,0.0,0.0,28.542383810347825,10.895859524490506,0.0,8.853402497089254,0.5473925753257971,0,6,17.572699629610252,30.16898230099481,17.572699629610252,mandante,3.0527777777777776,0.0,0,4.7349999999999985,5.413333333333334,4.7349999999999985,0,0,1.0
3802,17,51772,Everton Ribeiro,Flamengo,MEI,9.29,1.2,-0.41,22.718235294117648,1.8207282913165264,33.472979639750875,10.895859524490506,5.857647058823528,4.533218760686382,0.3336506948733229,0,9,43.93008103934686,41.30859449800376,41.30859449800376,visitante,0.0,3.5142857142857142,0,1.75,3.4200000000000004,1.75,0,0,1.0
2855,17,92708,Deyverson,Cuiabá,ATA,6.6,13.0,2.39,34.359411764705875,25.588235294117645,24.82132207002882,10.895859524490506,16.801176470588242,9.124803767660909,0.8466794197377238,0,13,32.09900028725026,30.16898230099481,32.09900028725026,mandante,2.759523809523809,0.0,0,7.666666666666668,7.166666666666668,7.666666666666668,0,0,1.0
3010,17,94583,Pedro,Flamengo,ATA,11.47,0.0,0.0,22.994705882352942,7.352941176470589,28.630924301137448,10.895859524490506,8.197647058823529,4.261401001341549,0.20284097752021407,0,9,43.93008103934686,41.30859449800376,41.30859449800376,visitante,0.0,3.44,0,1.1,1.2666666666666668,1.1,0,0,0.6666666666666666
3813,17,96089,Machado,Cruzeiro,MEI,6.7200000000000015,0.6,-0.44,21.62411764705882,3.92156862745098,33.58284978943843,10.895859524490506,7.1935294117647075,5.376598544153422,0.6472782652740853,0,6,17.572699629610252,30.16898230099481,17.572699629610252,mandante,2.2111111111111112,0.0,0,2.3,3.333333333333333,2.3,0,0,0.6666666666666666
3881,17,69063,James Rodríguez,São Paulo,MEI,15.0,0.0,0.0,0.0,0.0,28.57142857142857,2.1739130434782608,0.0,0.0,0.0,0,8,49.10198009508934,30.16898230099481,49.10198009508934,mandante,0.0,0.0,0,0.0,0.0,0.0,0,0,0.6666666666666666
3795,17,104640,Matheus Bianqui,Coritiba,MEI,4.08,1.2,-1.0,5.388125,0.0,33.27671688329773,11.256337924258345,2.195,2.7062676248521798,0.4885741034363442,0,10,17.80389281930546,30.16898230099481,17.80389281930546,mandante,3.5708333333333337,0.0,0,4.3,3.2749999999999995,4.3,0,0,0.6666666666666666
1858,17,99213,Puma Rodríguez,Vasco,LAT,7.33,2.2,-0.28,0.0,0.0,41.24904843968174,11.063926751381263,11.914375,8.785315338005008,0.5590177082973046,0,1,18.328328312270585,30.16898230099481,18.328328312270585,mandante,4.140178571428572,0.0,0,4.275,3.3000000000000003,4.275,0,0,0.6666666666666666
1869,17,42500,Fagner,Corinthians,LAT,8.86,0.9,-0.91,5.882352941176472,0.0,39.51409038828356,11.643323108766234,2.520625,7.440258026682303,0.4692901117004686,0,8,43.93008103934686,26.88642657966906,26.88642657966906,visitante,0.0,4.274107142857143,0,2.6,7.233333333333333,2.6,0,0,0.6666666666666666
1851,17,104257,João Lucas,Santos,LAT,5.19,2.9,0.12,4.201764705882353,0.0,38.67736777184654,11.193747910614187,3.380588235294117,5.1399685654815,0.6230082296836279,0,4,30.353273442413386,30.16898230099481,30.353273442413386,mandante,4.275,0.0,0,5.7,3.8666666666666663,5.7,0,0,0.6666666666666666
3819,17,70944,Bruno Henrique,Internacional,MEI,9.0,0.3,-2.42,0.0,0.0,21.83179723502304,10.764375876577839,0.0,0.2808122632367193,0.016666666666666666,0,3,34.96114698259281,30.16898230099481,34.96114698259281,mandante,2.188888888888889,0.0,0,0.3,0.0,0.3,0,0,0.6666666666666666
1845,17,91706,Marlon,Cruzeiro,LAT,17.05,5.1,0.02,16.88,3.92156862745098,66.96105163715995,11.903838167502911,5.865882352941178,13.91478848574917,0.6883041269519751,0,6,17.572699629610252,30.16898230099481,17.572699629610252,mandante,4.494444444444445,0.0,0,8.55,6.449999999999998,8.55,0,0,0.6666666666666666
1842,17,110715,Andrés Hurtado,Bragantino,LAT,5.4499999999999975,7.1,0.61,0.0,0.0,36.816776681257494,11.75863121640171,1.2970588235294118,3.8939018259587774,0.5681672065764376,0,8,43.93008103934686,59.926175380021455,59.926175380021455,visitante,0.0,3.81875,0,4.6,5.3,4.6,0,0,0.6666666666666666
1854,17,103347,Matheus Alexandre,Cuiabá,LAT,7.43,2.4,-0.77,0.0,0.0,48.652161924947244,11.57897476642928,2.4376470588235293,7.467730682016398,0.7749157228791307,0,13,32.09900028725026,30.16898230099481,32.09900028725026,mandante,2.330952380952381,0.0,0,4.0,5.3500000000000005,4.0,0,0,0.6666666666666666
3800,17,106201,Figueiredo,Vasco,MEI,3.88,1.2,-0.71,0.0,0.0,26.5985425622022,10.895859524490506,12.425625,4.503770426228537,0.6706735364402558,0,1,18.328328312270585,30.16898230099481,18.328328312270585,mandante,3.741428571428572,0.0,0,4.233333333333333,2.0,4.233333333333333,0,0,0.6666666666666666
1873,17,105584,Lucas Piton,Vasco,LAT,6.3,0.3,-0.38,10.953529411764707,0.0,30.100208451158746,11.063926751381263,3.174375,4.9185913865390605,0.3005965187983983,0,1,18.328328312270585,30.16898230099481,18.328328312270585,mandante,3.4142857142857146,0.0,0,2.6,0.85,2.6,0,0,0.6666666666666666
1874,17,111879,Mateusinho,Cuiabá,LAT,6.42,0.0,0.0,5.115294117647059,2.3529411764705883,32.219154995769536,10.895859524490506,2.2876470588235294,2.7799581371009943,1.1444693401026484,0,13,32.09900028725026,30.16898230099481,32.09900028725026,mandante,5.491666666666666,0.0,0,0.0,0.0,0.0,0,0,0.6666666666666666
2975,17,89840,Calleri,São Paulo,ATA,14.43,0.0,0.0,36.88764705882353,17.794117647058822,19.556708075838326,10.895859524490506,13.526470588235293,7.9830832355252035,0.3189842476769331,0,8,49.10198009508934,30.16898230099481,49.10198009508934,mandante,6.3015873015873005,0.0,0,12.05,2.6,12.05,0,0,0.6666666666666666
1856,17,91573,Arboleda,São Paulo,ZAG,8.72,10.2,1.35,0.0,0.0,39.141616002103035,11.820777532417994,2.137647058823529,5.461088531714082,0.35985958315030553,0,8,49.10198009508934,30.16898230099481,49.10198009508934,mandante,5.369444444444443,0.0,0,5.833333333333332,2.9333333333333336,5.833333333333332,0,0,0.6666666666666666
3804,17,116034,Victor Hugo,Flamengo,MEI,7.27,1.1,-1.49,10.997647058823528,1.96078431372549,35.61502838578289,10.895859524490506,3.544117647058824,3.279349741773128,0.3942857616933567,0,9,43.93008103934686,41.30859449800376,41.30859449800376,visitante,0.0,2.39375,0,5.8,0.8400000000000002,5.8,0,0,0.6666666666666666
2979,17,103645,Marcos Paulo,São Paulo,ATA,7.42,0.0,0.0,16.301176470588235,3.5294117647058822,35.395943628654145,10.895859524490506,4.096470588235294,4.4619906298196765,0.3742796651571273,0,8,49.10198009508934,30.16898230099481,49.10198009508934,mandante,4.194444444444445,0.0,0,1.2,0.033333333333333305,1.2,0,0,0.6666666666666666
1944,17,38750,Filipe Luís,Flamengo,LAT,6.98,-0.1,-1.35,0.0,0.0,30.60224149304288,11.26916269191132,0.7352941176470589,1.4029303708120329,0.15700697450331252,0,9,43.93008103934686,41.30859449800376,41.30859449800376,visitante,0.0,3.025,0,5.8,3.0,5.8,0,0,0.6666666666666666
1932,17,88393,Ayrton Lucas,Flamengo,LAT,14.07,0.0,0.0,16.88,6.862745098039214,32.964898360688466,11.754645346511625,5.6141176470588245,7.251396354134696,0.3380457022830925,0,9,43.93008103934686,41.30859449800376,41.30859449800376,visitante,0.0,3.628571428571429,0,4.25,1.0333333333333332,4.25,0,0,0.6666666666666666
1909,17,113157,Nathan Mendes,São Paulo,LAT,4.71,0.0,0.0,5.882352941176472,0.980392156862745,30.59783808145116,11.348348212273311,0.7352941176470589,2.2212953352797955,0.348393440252173,0,8,49.10198009508934,30.16898230099481,49.10198009508934,mandante,4.6944444444444455,0.0,0,5.0,7.65,5.0,0,0,0.6666666666666666
1906,17,109668,Hugo,Botafogo,LAT,6.4,0.0,0.0,0.0,0.0,39.43419376849832,11.981671717113846,0.6535294117647058,4.045562571624147,0.5718398465103418,0,13,43.93008103934686,51.46518602047724,51.46518602047724,visitante,0.0,6.7875,0,8.9,7.2333333333333325,8.9,0,0,0.6666666666666666
1905,17,70171,Rafael,Botafogo,LAT,6.7,0.0,0.0,0.0,0.0,38.82634924278898,11.751458174206805,0.30941176470588233,3.576400372253285,0.5490676276618336,0,13,43.93008103934686,51.46518602047724,51.46518602047724,visitante,0.0,5.7,0,7.6,7.45,7.6,0,0,0.6666666666666666
2992,17,106704,Carlos Alberto,Botafogo,ATA,3.32,0.0,0.0,11.764705882352944,2.9411764705882346,28.798807216676355,10.895859524490506,1.3705882352941174,1.4690160668825316,0.3435031760522548,0,13,43.93008103934686,51.46518602047724,51.46518602047724,visitante,0.0,4.816666666666666,0,4.85,4.7,4.85,0,0,0.6666666666666666
1889,17,105175,Khellven,Athletico-PR,LAT,8.49,0.0,0.0,10.953529411764707,0.0,35.892194205071156,11.74354493692924,1.4658823529411766,5.484916479680878,0.4922988410075715,0,8,43.93008103934686,45.517941785667155,45.517941785667155,visitante,0.0,3.3711111111111114,0,10.566666666666666,3.3,10.566666666666666,0,0,0.6666666666666666
1839,17,38144,Rafinha,São Paulo,LAT,7.3000000000000025,8.2,0.85,5.882352941176472,0.0,39.24682364268977,11.588603397255245,0.7470588235294118,5.334988796523527,0.4746009818847616,0,8,49.10198009508934,30.16898230099481,49.10198009508934,mandante,4.4631944444444445,0.0,0,5.449999999999998,-0.4,5.449999999999998,0,0,0.6666666666666666
1888,17,112709,Kaiki,Cruzeiro,LAT,3.21,0.0,0.0,0.0,0.0,28.760248734095107,11.12210386838191,0.0,0.5395530229168047,0.11176470588235296,0,6,17.572699629610252,30.16898230099481,17.572699629610252,mandante,0.0,0.0,0,0.0,0.0,0.0,0,0,0.6666666666666666
3812,17,87242,Carlos de Pena,Internacional,MEI,7.0200000000000005,0.8,-0.11,5.115294117647059,2.3529411764705883,34.64734160857497,10.895859524490506,7.5299999999999985,3.9203594396969423,0.2763449436785939,0,3,34.96114698259281,30.16898230099481,34.96114698259281,mandante,3.717460317460318,0.0,0,3.5,0.2,3.5,0,0,0.6666666666666666
2999,17,97321,Alesson,Goiás,ATA,2.87,0.0,0.0,5.3476470588235285,2.9411764705882355,30.2059993936252,10.895859524490506,1.7958823529411765,2.057791716768523,0.3910707541726914,0,5,32.722730630932496,30.16898230099481,32.722730630932496,mandante,3.81,0.0,0,-0.6,-0.05,-0.6,0,0,0.6666666666666666
1840,17,70916,Diogo Barbosa,Fluminense,LAT,6.859999999999999,8.2,0.82,0.0,0.0,32.86751797642406,11.17456632493644,0.833,2.876834558936648,0.2378110316075131,0,7,31.387610482088785,30.16898230099481,31.387610482088785,mandante,0.0,3.73125,0,8.2,3.9,8.2,0,0,0.6666666666666666
3031,17,99119,Lucas Braga,Santos,ATA,3.76,-1.1,-0.75,0.0,0.0,30.675965417084928,10.895859524490506,0.5882352941176471,1.1469351344462853,0.18902498966827716,0,4,30.353273442413386,30.16898230099481,30.353273442413386,mandante,2.729166666666667,0.0,0,2.1,0.8333333333333334,2.1,0,0,0.6666666666666666
1838,17,95127,Nicolas,América-MG,LAT,3.1499999999999995,8.6,1.03,5.882352941176472,1.1764705882352942,28.901559738783718,10.895859524490506,0.568125,1.630921109603671,0.21781611540863588,0,3,43.93008103934686,26.068996181365318,26.068996181365318,visitante,0.0,2.01875,0,8.6,3.3,8.6,0,0,0.6666666666666666
3916,17,102911,Zé Ricardo,Goiás,MEI,7.15,0.0,0.0,4.744117647058824,0.0,36.42026159396959,10.895859524490506,6.787647058823531,8.070014503712704,0.8071648032196796,0,5,32.722730630932496,30.16898230099481,32.722730630932496,mandante,5.708333333333334,0.0,0,4.6,5.066666666666666,4.6,0,0,0.6666666666666666
3958,17,118238,Ronald,Grêmio,MEI,2.34,-0.8,-1.4,5.882352941176472,0.980392156862745,28.122215743120933,10.895859524490506,1.5625,0.8454741357089093,0.50930115635998,0,8,43.93008103934686,58.22074717959054,58.22074717959054,visitante,0.0,2.75625,0,9.0,-0.8,9.0,0,0,0.6666666666666666
3749,17,98517,Jean Lucas,Santos,MEI,6.68,5.1,0.46,33.333333333333336,0.0,29.365425333167266,9.676250584385228,8.333333333333334,6.017869532588532,0.4878243512974052,0,4,30.353273442413386,30.16898230099481,30.353273442413386,mandante,3.9625,0.0,0,4.9,5.1,4.9,0,0,0.6666666666666666
3942,17,111769,Marlon Gomes,Vasco,MEI,4.44,0.0,0.0,0.0,0.0,34.054378594544325,10.895859524490506,0.926875,4.192654705995643,0.3769899426432724,0,1,18.328328312270585,30.16898230099481,18.328328312270585,mandante,3.738095238095238,0.0,0,3.575,6.7,3.575,0,0,0.6666666666666666
3931,17,116013,Igor Jesus,Flamengo,MEI,2.52,0.0,0.0,0.0,0.0,28.888404571593494,10.895859524490506,0.0,0.16659798153392893,0.05588235294117647,0,9,43.93008103934686,41.30859449800376,41.30859449800376,visitante,0.0,3.5,0,0.0,0.0,0.0,0,0,0.6666666666666666
3837,17,105911,Rômulo,Internacional,MEI,3.85,0.0,0.0,5.3476470588235285,2.9411764705882355,36.27587784209089,10.895859524490506,5.686470588235293,4.801339089067044,1.0093581121275397,0,3,34.96114698259281,30.16898230099481,34.96114698259281,mandante,4.2888888888888905,0.0,0,1.65,3.0666666666666664,1.65,0,0,0.6666666666666666
3845,17,101027,Diego,Goiás,MEI,6.23,0.0,0.0,5.882352941176472,0.0,32.37961062000459,10.895859524490506,3.4223529411764706,4.0783944266074945,0.3574251562664791,0,5,32.722730630932496,30.16898230099481,32.722730630932496,mandante,4.6125,0.0,0,0.0,0.0,0.0,0,0,0.6666666666666666
3760,17,84428,Fernando Sobral,Cuiabá,MEI,8.43,3.5,-0.67,14.768235294117645,2.9411764705882355,38.851280147020134,10.895859524490506,8.082352941176469,7.6203558346415505,0.6142778129860176,0,13,32.09900028725026,30.16898230099481,32.09900028725026,mandante,4.066666666666666,0.0,0,5.7,3.3666666666666667,5.7,0,0,0.6666666666666666
3911,17,86841,Boschilia,Coritiba,MEI,5.85,0.0,0.0,10.338823529411764,0.980392156862745,30.702027357841587,10.895859524490506,8.820588235294117,3.968434458291641,0.3639281716716485,0,10,17.80389281930546,30.16898230099481,17.80389281930546,mandante,3.2175,0.0,0,0.75,1.0,0.75,0,0,0.6666666666666666
3747,17,97145,Villasanti,Grêmio,MEI,7.27,5.3,0.21,21.624117647058824,4.033613445378151,39.482494253907426,10.895859524490506,5.00375,7.753616464062192,0.7909887784245289,0,8,43.93008103934686,58.22074717959054,58.22074717959054,visitante,0.0,6.02625,0,9.033333333333333,7.75,9.033333333333333,0,0,0.6666666666666666
3872,17,117579,Galoppo,São Paulo,MEI,5.0,0.0,0.0,0.0,0.0,28.542383810347825,10.895859524490506,0.0,0.0,0.0,0,8,49.10198009508934,30.16898230099481,49.10198009508934,mandante,0.0,0.0,0,0.0,0.0,0.0,0,0,0.6666666666666666
3896,17,38545,Felipe Melo,Fluminense,MEI,2.7,0.0,0.0,5.882352941176472,1.4705882352941178,29.44045884720789,10.895859524490506,1.078235294117647,1.086679850410197,0.2769270959436105,0,7,31.387610482088785,30.16898230099481,31.387610482088785,mandante,2.6194444444444445,0.0,0,0.8,-0.5,0.8,0,0,0.6666666666666666
3765,17,69705,Nikão,Cruzeiro,MEI,3.48,2.9,-0.05,0.0,0.0,29.66862312430341,10.895859524490506,0.0,0.4164970703217439,0.06983454596033033,0,6,17.572699629610252,30.16898230099481,17.572699629610252,mandante,0.9333333333333332,0.0,0,0.0,0.0,0.0,0,0,0.6666666666666666
3767,17,87470,Thaciano,Bahia,MEI,11.48,2.7,-0.25,19.995882352941177,3.193277310924369,35.273869646430384,10.895859524490506,14.538235294117644,8.682089373166237,0.4874428250207773,0,3,48.4489626742781,30.16898230099481,48.4489626742781,mandante,4.444642857142857,0.0,0,5.666666666666668,1.875,5.666666666666668,0,0,0.6666666666666666
3768,17,88857,Marcelino Moreno,Coritiba,MEI,5.75,2.7,-0.02,14.601176470588234,0.980392156862745,34.44483492362047,10.895859524490506,7.939999999999999,6.83389429637042,0.7834894778679011,0,10,17.80389281930546,30.16898230099481,17.80389281930546,mandante,3.8291666666666666,0.0,0,4.033333333333333,7.075,4.033333333333333,0,0,0.6666666666666666
3769,17,113359,Pablo Maia,São Paulo,MEI,5.9,2.6,-0.05,10.462941176470588,4.901960784313725,30.686677845526013,10.895859524490506,9.416470588235292,4.374690813149292,0.5415371857474107,0,8,49.10198009508934,30.16898230099481,49.10198009508934,mandante,4.494444444444445,0.0,0,3.35,2.85,3.35,0,0,0.6666666666666666
3882,17,98976,Gabriel,São Paulo,MEI,4.22,0.0,0.0,5.882352941176472,0.8403361344537814,37.490039983506385,10.895859524490506,0.7352941176470589,2.2988951723201385,0.3807866829107349,0,8,49.10198009508934,30.16898230099481,49.10198009508934,mandante,3.5730158730158728,0.0,0,6.0,0.0,6.0,0,0,0.6666666666666666
3781,17,107498,André,Fluminense,MEI,8.69,1.8,0.16,0.0,0.0,39.87576629363351,10.895859524490506,2.7505882352941176,4.160711138957962,0.24600727081163984,0,7,31.387610482088785,30.16898230099481,31.387610482088785,mandante,3.3277777777777784,0.0,0,2.35,0.1,2.35,0,0,0.6666666666666666
3784,17,111891,Guilherme Biro,Corinthians,MEI,3.24,1.7,0.19,0.0,0.0,30.237351404427802,12.063420651643069,6.451538461538463,2.8038410790206707,0.4181134927411406,0,8,43.93008103934686,26.88642657966906,26.88642657966906,visitante,0.0,2.8312500000000003,0,3.75,1.6000000000000003,3.75,0,0,0.6666666666666666
3792,17,99267,Pochettino,Fortaleza,MEI,7.22,1.4,-0.2,10.230588235294118,4.033613445378151,37.2576121354873,10.895859524490506,14.031176470588234,6.5002277149836445,0.5824204036194216,0,3,43.93008103934686,37.34678879993507,37.34678879993507,visitante,0.0,4.4375,0,5.375,3.9,5.375,0,0,0.6666666666666666
3789,17,100079,Zaracho,Atlético-MG,MEI,7.789999999999999,1.6,-0.94,5.882352941176472,0.980392156862745,35.236532877505546,10.895859524490506,3.998235294117647,4.865793156087012,0.4118015450701965,0,2,43.93008103934686,20.68600323441277,20.68600323441277,visitante,0.0,3.661111111111111,0,4.5,4.15,4.5,0,0,0.6666666666666666
3028,17,105568,Lucero,Fortaleza,ATA,6.34,-0.2,-1.34,10.230588235294118,3.6414565826330527,26.01753283989602,10.895859524490506,7.671764705882352,3.539932927586635,0.4139066442370512,0,3,43.93008103934686,37.34678879993507,37.34678879993507,visitante,0.0,4.595833333333333,0,1.25,7.5,1.25,0,0,0.6666666666666666
1837,17,97899,Matheus Bahia,Bahia,LAT,4.739999999999998,8.9,0.4,0.0,0.0,32.46769966724087,11.353546105434244,1.0694117647058825,2.6177153888943425,0.3368391496524031,0,3,48.4489626742781,30.16898230099481,48.4489626742781,mandante,3.0541666666666663,0.0,0,8.2,4.7,8.2,0,0,0.6666666666666666
3030,17,108715,João Magno,Goiás,ATA,6.3000000000000025,-1.0,-1.31,47.7275,20.83333333333333,17.749258475064927,8.218726399827382,11.11,8.640245943299162,1.4467571798860144,0,5,32.722730630932496,30.16898230099481,32.722730630932496,mandante,3.125,0.0,0,0.75,7.45,0.75,0,0,0.6666666666666666
3879,17,110962,Kayque,Botafogo,MEI,4.08,0.0,0.0,5.882352941176472,0.0,28.19636304910215,10.895859524490506,0.6535294117647058,0.3461032618309631,0.08036915646023805,0,13,43.93008103934686,51.46518602047724,51.46518602047724,visitante,0.0,3.0,0,5.0,0.0,5.0,0,0,0.6666666666666666
3730,17,94154,Maycon,Corinthians,MEI,3.9,12.5,2.16,5.115294117647059,2.3529411764705883,36.29234966608095,10.895859524490506,7.2025000000000015,4.398182084738309,0.5260228644677332,0,8,43.93008103934686,26.88642657966906,26.88642657966906,visitante,0.0,2.7590277777777783,0,8.05,1.55,8.05,0,0,0.6666666666666666
3731,17,106202,Bruno Gomes,Coritiba,MEI,9.96,11.5,1.11,10.588235294117649,4.705882352941177,38.978760776425716,10.895859524490506,13.782352941176468,8.55089602474302,0.49580484696721,0,10,17.80389281930546,30.16898230099481,17.80389281930546,mandante,4.3375,0.0,0,4.0,6.466666666666666,4.0,0,0,0.6666666666666666
3732,17,103767,Gabriel Menino,Palmeiras,MEI,8.48,11.3,1.77,21.848823529411764,2.4509803921568625,37.74093788038059,10.895859524490506,11.420000000000002,7.080350039777247,0.6069997779181836,0,9,43.93008103934686,39.84300076271127,39.84300076271127,visitante,0.0,5.622222222222222,0,0.75,6.2,0.75,0,0,0.6666666666666666
3788,17,98723,Carabajal,Vasco,MEI,3.33,1.6,0.23,5.0711764705882345,0.0,28.803821718844556,10.895859524490506,1.7293333333333334,1.68428421161795,0.1582151974853029,0,1,18.328328312270585,30.16898230099481,18.328328312270585,mandante,2.421428571428572,0.0,0,0.25,1.4,0.25,0,0,0.6666666666666666
3744,17,104783,Acevedo,Bahia,MEI,4.5,6.0,1.04,0.0,0.0,39.4974515820246,10.895859524490506,7.157058823529412,4.8754949118157125,0.6352586621657939,0,3,48.4489626742781,30.16898230099481,48.4489626742781,mandante,2.851785714285714,0.0,0,3.9,3.525,3.9,0,0,0.6666666666666666
3827,17,72497,Gustavo Campanharo,Internacional,MEI,5.56,0.0,0.0,0.0,0.0,37.738034265930985,10.895859524490506,1.9117647058823528,3.226587965817989,0.3517099103806877,0,3,34.96114698259281,30.16898230099481,34.96114698259281,mandante,3.563888888888889,0.0,0,4.4,1.5,4.4,0,0,0.6666666666666666
1833,17,115239,Wesley,Flamengo,LAT,8.71,13.2,1.53,11.764705882352944,1.1764705882352942,36.27801999053361,11.901704170041034,3.4435294117647057,7.672275465378307,0.7562290646906061,0,9,43.93008103934686,41.30859449800376,41.30859449800376,visitante,0.0,4.205555555555557,0,5.5,6.459999999999999,5.5,0,0,0.6666666666666666
3740,17,94509,Raphael Veiga,Palmeiras,MEI,18.43,7.5,-0.44,25.777058823529412,11.666666666666664,28.93996518753073,10.895859524490506,11.335882352941177,7.999646424467428,0.27422001763054865,0,9,43.93008103934686,39.84300076271127,39.84300076271127,visitante,0.0,4.472222222222221,0,5.033333333333334,5.75,5.033333333333334,0,0,0.6666666666666666
3961,17,68708,Eduardo,Botafogo,MEI,14.14,-1.3,-2.06,30.085882352941173,13.235294117647056,26.471843395265612,10.895859524490506,6.117058823529412,5.599181658065358,0.3530006377940991,0,13,43.93008103934686,51.46518602047724,51.46518602047724,visitante,0.0,5.62,0,4.366666666666666,5.9,4.366666666666666,0,0,0.6666666666666666
3742,17,38398,Renato Augusto,Corinthians,MEI,11.77,6.2,0.79,4.744117647058824,0.0,31.36530739451709,10.895859524490506,1.145625,1.7714900063529295,0.06327688968331015,0,8,43.93008103934686,26.88642657966906,26.88642657966906,visitante,0.0,2.78125,0,6.2,1.9,6.2,0,0,0.6666666666666666
3785,17,87552,Vitor Bueno,Athletico-PR,MEI,8.48,1.7,-0.98,24.188823529411764,6.862745098039214,28.886606802676077,10.895859524490506,9.58705882352941,5.614190605464602,0.5353656182579077,0,8,43.93008103934686,45.517941785667155,45.517941785667155,visitante,0.0,4.436111111111111,0,4.725,9.1,4.725,0,0,0.6666666666666666
2973,17,105049,Luis Henrique,Botafogo,ATA,4.66,0.0,0.0,11.764705882352944,2.4509803921568625,31.743923613349853,10.895859524490506,7.578235294117646,2.7303701766664865,0.4807470782138054,0,13,43.93008103934686,51.46518602047724,51.46518602047724,visitante,0.0,3.84375,0,5.85,1.225,5.85,0,0,0.6666666666666666
336,17,104754,Juan Vojvoda,Fortaleza,TEC,11.79,2.37,0.04,0.0,0.0,28.542383810347825,10.895859524490506,0.0,8.903655860555622,0.4422252844615735,0,3,43.93008103934686,37.34678879993507,37.34678879993507,visitante,0.0,4.8881250000000005,0,4.4725,3.5966666666666662,4.4725,0,0,0.6666666666666666
2978,17,110760,Biel,Bahia,ATA,8.44,0.0,0.0,9.821176470588236,4.901960784313725,28.67933214094221,10.895859524490506,7.637647058823527,4.88640205926944,0.4580145844954968,0,3,48.4489626742781,30.16898230099481,48.4489626742781,mandante,5.275,0.0,0,0.0,0.0,0.0,0,0,0.6666666666666666
3806,17,89883,Dodi,Santos,MEI,5.010000000000002,1.0,-0.32,0.0,0.0,36.66184811106985,10.895859524490506,3.291764705882353,4.099231128669129,0.5269072863057148,0,4,30.353273442413386,30.16898230099481,30.353273442413386,mandante,2.60625,0.0,0,1.9,1.1666666666666667,1.9,0,0,0.6666666666666666
1887,17,50353,Titi,Fortaleza,ZAG,7.6,1.3,0.25,5.882352941176472,0.0,39.28556478438893,12.122928055710444,1.1623529411764704,7.141969941622156,0.5955772903747439,0,3,43.93008103934686,37.34678879993507,37.34678879993507,visitante,0.0,4.720833333333333,0,4.1,3.9,4.1,0,0,0.6666666666666666
2878,17,93988,Breno Lopes,Palmeiras,ATA,5.279999999999999,3.6,-1.15,14.483529411764708,2.9411764705882355,29.499433296809077,10.895859524490506,4.248235294117647,3.2970918412445864,0.8315816858641134,0,9,43.93008103934686,39.84300076271127,39.84300076271127,visitante,0.0,3.915079365079365,0,12.7,4.45,12.7,0,0,0.6666666666666666
2879,17,70788,Enner Valencia,Internacional,ATA,9.94,3.6,-0.67,0.0,0.0,29.21672495405214,8.335870867928572,12.545714285714284,3.79765155996325,0.2293047439183693,0,3,34.96114698259281,30.16898230099481,34.96114698259281,mandante,3.438888888888889,0.0,0,2.8,4.3,2.8,0,0,0.6666666666666666
2880,17,68952,Marinho,Fortaleza,ATA,2.86,3.4,0.25,0.0,0.0,26.372909949837023,10.895859524490506,6.805714285714287,2.513736832455004,0.25713585467225963,0,3,43.93008103934686,37.34678879993507,37.34678879993507,visitante,0.0,3.029166666666667,0,2.5666666666666664,2.3,2.5666666666666664,0,0,0.6666666666666666
2945,17,103576,Rafael Bilu,Cruzeiro,ATA,2.83,0.0,0.0,0.0,0.0,30.542030515876885,10.895859524490506,1.3070588235294116,0.7856649281069261,0.2801023025329073,0,6,17.572699629610252,30.16898230099481,17.572699629610252,mandante,1.875,0.0,0,0.0,0.0,0.0,0,0,0.6666666666666666
319,17,105631,Bruno Lage,Botafogo,TEC,12.81,8.12,0.88,0.0,0.0,25.333167268651138,9.676250584385228,0.0,9.379142022832557,0.5484709950292715,0,13,43.93008103934686,51.46518602047724,51.46518602047724,visitante,0.0,5.745,0,8.265,4.99,8.265,0,0,0.6666666666666666
318,17,110506,Abel Ferreira,Palmeiras,TEC,13.82,9.37,0.5,0.0,0.0,28.542383810347825,10.895859524490506,0.0,8.980818527357906,0.4538788258358609,0,9,43.93008103934686,39.84300076271127,39.84300076271127,visitante,0.0,5.359444444444446,0,4.266666666666667,5.887499999999998,4.266666666666667,0,0,0.6666666666666666
1897,17,101995,Brítez,Fortaleza,ZAG,7.92,0.0,0.0,5.0711764705882345,0.0,34.84741802041685,11.986129150101691,3.911176470588235,5.682523910073282,0.4036445853366973,0,3,43.93008103934686,37.34678879993507,37.34678879993507,visitante,0.0,4.155357142857143,0,5.050000000000002,2.8333333333333326,5.050000000000002,0,0,0.6666666666666666
2883,17,90285,Bruno Henrique,Flamengo,ATA,6.21,3.1,-0.32,4.9017647058823535,4.411764705882354,29.201177313863074,10.895859524490506,5.342941176470588,2.32360342665743,0.25952366846574626,0,9,43.93008103934686,41.30859449800376,41.30859449800376,visitante,0.0,2.5,0,2.9,1.5750000000000002,2.9,0,0,0.6666666666666666
2884,17,105547,Rikelme,Cuiabá,ATA,4.57,3.0,-0.15,11.764705882352944,0.980392156862745,49.36083943730369,10.895859524490506,3.3600000000000003,6.955346241060528,1.4194692377581677,0,13,32.09900028725026,30.16898230099481,32.09900028725026,mandante,3.536666666666666,0.0,0,6.125,5.166666666666667,6.125,0,0,0.6666666666666666
317,17,117711,Pedro Caixinha,Bragantino,TEC,11.08,10.25,0.82,0.0,0.0,28.542383810347825,10.895859524490506,0.0,8.880993157979944,0.6589614979092132,0,8,43.93008103934686,59.926175380021455,59.926175380021455,visitante,0.0,5.074999999999998,0,8.129999999999999,7.703333333333332,8.129999999999999,0,0,0.6666666666666666
2937,17,60825,Felipe Azevedo,América-MG,ATA,5.75,0.0,0.0,11.764705882352944,2.156862745098039,28.856078722760657,10.895859524490506,5.954374999999999,5.426781745229917,0.5169744891035911,0,3,43.93008103934686,26.068996181365318,26.068996181365318,visitante,0.0,2.34375,0,0.6,4.65,0.6,0,0,0.6666666666666666
1904,17,72142,Danilo Avelar,América-MG,ZAG,6.02,0.0,0.0,19.55764705882353,6.722689075630251,27.48441964364789,10.590445751584475,7.399375,8.371099500620613,0.7527581905989977,0,3,43.93008103934686,26.068996181365318,26.068996181365318,visitante,0.0,4.227083333333333,0,0.0,8.4,0.0,0,0,0.6666666666666666
1915,17,97768,Reynaldo,Cruzeiro,ZAG,4.14,0.0,0.0,0.0,0.0,28.019507993354363,11.203982773790226,0.0,0.8897891956873621,0.13316616969368392,0,6,17.572699629610252,30.16898230099481,17.572699629610252,mandante,2.95,0.0,0,4.4,0.0,4.4,0,0,0.6666666666666666
1916,17,104385,Igor Gomes,Internacional,ZAG,5.25,0.0,0.0,0.0,0.0,31.873451536995415,11.203982773790226,1.188235294117647,2.5438287375561623,0.30326256996568435,0,3,34.96114698259281,30.16898230099481,34.96114698259281,mandante,3.9013888888888895,0.0,0,0.0,0.0,0.0,0,0,0.6666666666666666
2890,17,101002,Júnior Santos,Botafogo,ATA,7.12,2.4,-0.03,10.053529411764703,6.764705882352941,30.567241345403172,10.895859524490506,11.320588235294116,3.9686507356617096,0.5107370971495937,0,13,43.93008103934686,51.46518602047724,51.46518602047724,visitante,0.0,4.50625,0,2.4333333333333336,1.025,2.4333333333333336,0,0,0.6666666666666666
1928,17,101579,Robson Bambu,Vasco,ZAG,2.96,0.0,0.0,0.0,0.0,30.00678429087445,11.063926751381263,1.041875,2.4889257618631393,0.33727707944663754,0,1,18.328328312270585,30.16898230099481,18.328328312270585,mandante,3.246428571428572,0.0,0,5.2,-1.0,5.2,0,0,0.6666666666666666
1933,17,99889,Alan Franco,São Paulo,ZAG,4.97,0.0,0.0,0.0,0.0,30.09318219114956,11.305927397793678,1.69,1.5616967204368872,0.19890293250536525,0,8,49.10198009508934,30.16898230099481,49.10198009508934,mandante,3.5444444444444443,0.0,0,4.85,0.0,4.85,0,0,0.6666666666666666
1935,17,69014,Manoel,Fluminense,ZAG,5.19,0.0,0.0,0.0,0.0,29.297679532641197,11.216481959511027,0.0,1.1552092103459752,0.11833463920712295,0,7,31.387610482088785,30.16898230099481,31.387610482088785,mandante,3.0277777777777777,0.0,0,0.0,0.0,0.0,0,0,0.6666666666666666
2893,17,106831,Juan,São Paulo,ATA,2.73,2.0,0.09,5.882352941176472,1.1764705882352942,33.82336012040874,10.895859524490506,2.311176470588235,2.6383944593716357,0.8142867438738703,0,8,49.10198009508934,30.16898230099481,49.10198009508934,mandante,3.954444444444445,0.0,0,3.1,2.733333333333333,3.1,0,0,0.6666666666666666
1975,17,83528,Léo Pereira,Flamengo,ZAG,14.43,-0.8,-1.13,11.23,3.5294117647058822,39.805612774225054,11.901704170041034,2.8035294117647056,7.5582873727498265,0.4220587744747052,0,9,43.93008103934686,41.30859449800376,41.30859449800376,visitante,0.0,2.7928571428571427,0,5.3,2.875,5.3,0,0,0.6666666666666666
1210,17,107748,Adriel,Bahia,GOL,7.74,0.0,0.0,0.0,0.0,28.715394190970663,14.972567130609875,0.0,1.1502830276222586,0.09735051045211474,0,3,48.4489626742781,30.16898230099481,48.4489626742781,mandante,0.0,3.90625,0,0.0,0.0,0.0,0,0,0.6666666666666666
1201,17,107183,Léo Linck,Athletico-PR,GOL,2.05,0.0,0.0,0.0,0.0,28.542383810347825,12.479569931730325,0.0,0.4616933063704442,0.4864612511671337,0,8,43.93008103934686,45.517941785667155,45.517941785667155,visitante,0.0,1.1111111111111112,0,3.0,0.0,3.0,0,0,0.6666666666666666
1173,17,93882,Cleiton,Bragantino,GOL,6.72,7.0,-0.21,0.0,0.0,29.59024552590404,30.25479114836737,0.0,4.618150524441264,0.6696178631345072,0,8,43.93008103934686,59.926175380021455,59.926175380021455,visitante,0.0,4.34375,0,7.0,5.5,7.0,0,0,0.6666666666666666
1177,17,111690,Matheus Cunha,Flamengo,GOL,6.6000000000000005,4.0,0.34,0.0,0.0,29.311824323294196,48.06564019526912,0.0,6.751602409532911,0.9623282255845328,0,9,43.93008103934686,41.30859449800376,41.30859449800376,visitante,0.0,3.59375,0,9.5,5.1,9.5,0,0,0.6666666666666666
2909,17,83817,Clayson,Cuiabá,ATA,6.66,0.7,-1.44,20.0,3.333333333333333,24.3082714050456,6.5749811198619055,6.675999999999998,4.67032967032967,0.6008872882845485,0,13,32.09900028725026,30.16898230099481,32.09900028725026,mandante,3.516666666666666,0.0,0,5.699999999999998,0.6,5.699999999999998,0,0,0.6666666666666666
320,17,110818,Renato Paiva,Bahia,TEC,9.35,7.46,0.39,0.0,0.0,28.542383810347825,10.895859524490506,0.0,8.630825780133723,0.6077168069517723,0,3,48.4489626742781,30.16898230099481,48.4489626742781,mandante,3.9375,0.0,0,5.37,4.2025,5.37,0,0,0.6666666666666666
2904,17,49675,Alexandre Pato,São Paulo,ATA,5.09,1.2,-0.92,10.0,2.5,28.52693469784355,10.961557483997877,1.27,1.5170768141386899,0.2464168641336172,0,8,49.10198009508934,30.16898230099481,49.10198009508934,mandante,4.4944444444444445,0.0,0,4.6,0.0,4.6,0,0,0.6666666666666666
2948,17,102302,Rafael Elias,Cruzeiro,ATA,5.0,0.0,0.0,0.0,0.0,28.57142857142857,2.1739130434782608,0.0,0.0,0.0,0,6,17.572699629610252,30.16898230099481,17.572699629610252,mandante,0.0,0.0,0,0.0,0.0,0.0,0,0,0.6666666666666666
2957,17,72772,Luiz Adriano,Internacional,ATA,5.66,0.0,-0.2,9.549411764705884,2.9411764705882355,28.45373489138091,10.895859524490506,6.905882352941176,4.0635186327195845,0.39470918724152576,0,3,34.96114698259281,30.16898230099481,34.96114698259281,mandante,3.401388888888889,0.0,0,1.2333333333333334,0.9333333333333336,1.2333333333333334,0,0,0.6666666666666666
2849,17,96966,Arthur Gomes,Cruzeiro,ATA,5.0,18.1,3.82,29.63,13.333333333333336,18.190310125794,9.676250584385228,11.11,9.708799131666712,1.2066666666666668,0,6,17.572699629610252,30.16898230099481,17.572699629610252,mandante,0.0,0.0,0,0.0,0.0,0.0,0,0,0.6666666666666666
1863,17,97867,Léo Ortiz,Bragantino,ZAG,7.899999999999999,6.2,-0.1,0.0,0.0,29.32172780601061,11.213490083025285,0.7382352941176471,1.2014007821885944,0.09779928849176804,0,8,43.93008103934686,59.926175380021455,59.926175380021455,visitante,0.0,5.56875,0,7.9,6.2,7.9,0,0,0.6666666666666666
2967,17,109404,Thiago Andrade,Athletico-PR,ATA,2.65,0.0,0.0,0.0,0.0,29.21279903526132,10.895859524490506,2.544117647058824,0.5447981015171244,0.09804492343057183,0,8,43.93008103934686,45.517941785667155,45.517941785667155,visitante,0.0,3.2222222222222223,0,0.0,0.0,0.0,0,0,0.6666666666666666
2856,17,99818,Paulinho,Atlético-MG,ATA,10.25,12.9,1.7,20.13764705882353,12.15686274509804,37.362815938530595,10.895859524490506,12.93529411764706,8.745706653097571,0.5016456692075841,0,2,43.93008103934686,20.68600323441277,20.68600323441277,visitante,0.0,3.6965277777777774,0,9.0,2.325,9.0,0,0,0.6666666666666666
1864,17,106835,Luan Patrick,Bragantino,ZAG,5.3,6.2,0.34,5.882352941176472,0.0,32.10941230761408,12.16551191740006,0.4523529411764706,4.038751565655274,0.6221968942620247,0,8,43.93008103934686,59.926175380021455,59.926175380021455,visitante,0.0,4.35625,0,5.575,4.8,5.575,0,0,0.6666666666666666
1866,17,91708,Nino,Fluminense,ZAG,11.61,5.6,0.68,11.23,3.1372549019607834,28.34164279947945,12.058245248060885,4.7694117647058825,6.5690286452724544,0.3263819771261091,0,7,31.387610482088785,30.16898230099481,31.387610482088785,mandante,4.5888888888888895,0.0,0,2.96,1.0,2.96,0,0,0.6666666666666666
2857,17,39148,Hulk,Atlético-MG,ATA,16.73,11.7,1.25,28.619411764705887,17.647058823529417,23.27315467656908,10.895859524490506,31.187058823529416,13.070856125174913,0.4538097693931941,0,2,43.93008103934686,20.68600323441277,20.68600323441277,visitante,0.0,5.716666666666668,0,11.2,5.425,11.2,0,0,0.6666666666666666
332,17,94853,Eduardo Coudet,Internacional,TEC,11.11,2.98,-0.49,0.0,0.0,28.293735756684786,12.367272299499525,0.0,10.477674596107363,0.5298830173163327,0,3,34.96114698259281,30.16898230099481,34.96114698259281,mandante,0.0,5.161944444444444,0,2.98,6.26,2.98,0,0,0.6666666666666666
331,17,41929,Renato Gaúcho,Grêmio,TEC,12.98,3.54,-0.56,0.0,0.0,28.542383810347825,10.895859524490506,0.0,9.18370503263324,0.4307571514978686,0,8,43.93008103934686,58.22074717959054,58.22074717959054,visitante,0.0,5.246964285714285,0,6.8625,4.675,6.8625,0,0,0.6666666666666666
1869,17,107110,Natan,Bragantino,ZAG,4.85,4.9,-0.04,0.0,0.0,27.82007578644364,11.439734426916685,1.6294117647058823,2.0364169286742837,0.3093467027719918,0,8,43.93008103934686,59.926175380021455,59.926175380021455,visitante,0.0,3.06875,0,6.15,2.9000000000000004,6.15,0,0,0.6666666666666666
2862,17,102928,Canobbio,Athletico-PR,ATA,5.87,10.2,1.67,10.418823529411766,1.96078431372549,37.833666931429335,10.895859524490506,7.338235294117648,5.586489007082375,0.6955349571183319,0,8,43.93008103934686,45.517941785667155,45.517941785667155,visitante,0.0,3.0411111111111118,0,4.925,0.4,4.925,0,0,0.6666666666666666
1875,17,103700,Bruno Méndez,Corinthians,ZAG,3.3200000000000003,2.5,-0.28,0.0,0.0,31.096756699370232,11.479924415955779,1.145625,2.846601182622293,0.5486530813801078,0,8,43.93008103934686,26.88642657966906,26.88642657966906,visitante,0.0,3.2455357142857144,0,2.5,3.9333333333333336,2.5,0,0,0.6666666666666666
2858,17,100652,Yuri Alberto,Corinthians,ATA,9.31,11.6,1.44,26.614705882352933,6.694677871148459,21.66169764235281,10.895859524490506,13.886874999999998,7.953379269901774,0.409834029385536,0,8,43.93008103934686,26.88642657966906,26.88642657966906,visitante,0.0,3.792361111111111,0,6.3,6.35,6.3,0,0,0.6666666666666666
330,17,92075,Ramón Díaz,Vasco,TEC,6.83,3.9,0.3,0.0,0.0,25.333167268651138,9.676250584385228,0.0,5.280572057857646,0.2855179523420522,0,1,18.328328312270585,30.16898230099481,18.328328312270585,mandante,3.2664285714285715,0.0,0,2.39,3.9,2.39,0,0,0.6666666666666666
328,17,43618,Luiz Felipe Scolari,Atlético-MG,TEC,8.84,4.58,0.39,0.0,0.0,28.581939411432494,8.335870867928572,0.0,6.3770209775807025,0.3808584370530799,0,2,43.93008103934686,20.68600323441277,20.68600323441277,visitante,0.0,3.7152777777777777,0,3.7566666666666655,3.375,3.7566666666666655,0,0,0.6666666666666666
2866,17,95799,Artur,Palmeiras,ATA,11.11,8.3,1.1,30.98647058823529,10.098039215686274,32.804394290407195,10.895859524490506,14.325294117647056,8.432776451869533,0.5834781904749661,0,9,43.93008103934686,39.84300076271127,39.84300076271127,visitante,0.0,5.340972222222222,0,2.833333333333333,5.933333333333334,2.833333333333333,0,0,0.6666666666666666
2874,17,109497,Marcos Leonardo,Santos,ATA,13.34,4.2,-1.68,26.02117647058824,8.725490196078429,21.676309949727937,10.895859524490506,24.44,9.154241536043497,0.4721848845995888,0,4,30.353273442413386,30.16898230099481,30.353273442413386,mandante,6.204166666666668,0.0,0,10.7,4.9,10.7,0,0,0.6666666666666666
327,17,70800,Jorge Sampaoli,Flamengo,TEC,11.8,5.41,0.14,0.0,0.0,28.542383810347825,10.895859524490506,0.0,8.292195322980875,0.5116761601841576,0,9,43.93008103934686,41.30859449800376,41.30859449800376,visitante,0.0,4.205555555555557,0,6.96,4.37,6.96,0,0,0.6666666666666666
326,17,91971,Wesley Carvalho,Athletico-PR,TEC,11.62,5.8,-0.08,0.0,0.0,28.581939411432494,8.335870867928572,0.0,9.476848718932986,0.5756446788031787,0,8,43.93008103934686,45.517941785667155,45.517941785667155,visitante,0.0,3.909444444444445,0,7.1175000000000015,4.596666666666667,7.1175000000000015,0,0,0.6666666666666666
322,17,41327,Vanderlei Luxemburgo,Corinthians,TEC,8.02,6.86,0.3,0.0,0.0,27.47257128606776,11.576652925660513,0.0,8.581830621121048,0.6141355376326251,0,8,43.93008103934686,26.88642657966906,26.88642657966906,visitante,0.0,4.327678571428572,0,5.155,6.1425,5.155,0,0,0.3333333333333333
3924,17,115100,Matheus França,Flamengo,MEI,6.62,0.0,0.0,5.3476470588235285,1.96078431372549,29.585511151053023,10.895859524490506,6.36,2.7094092786307393,0.27353252501333264,0,9,43.93008103934686,41.30859449800376,41.30859449800376,visitante,0.0,3.62,0,0.0,0.0,0.0,0,0,0.3333333333333333
3823,17,116447,Hércules,Fortaleza,MEI,6.61,0.0,0.0,5.3476470588235285,2.3529411764705883,34.68727494957138,10.895859524490506,6.984117647058822,4.1609737920755165,0.4187992839317571,0,3,43.93008103934686,37.34678879993507,37.34678879993507,visitante,0.0,3.626785714285714,0,2.9000000000000004,2.15,2.9000000000000004,0,0,0.3333333333333333
3839,17,94263,Dadá Belmonte,América-MG,MEI,7.0,0.0,0.0,0.0,0.0,28.542383810347825,10.895859524490506,0.0,0.0,0.0,0,3,43.93008103934686,26.068996181365318,26.068996181365318,visitante,0.0,0.0,0,0.0,0.0,0.0,0,0,0.3333333333333333
3930,17,122321,Lorran,Flamengo,MEI,3.0,0.0,0.0,0.0,0.0,28.542383810347825,10.895859524490506,0.0,0.0,0.0,0,9,43.93008103934686,41.30859449800376,41.30859449800376,visitante,0.0,0.0,0,0.0,0.0,0.0,0,0,0.3333333333333333
3940,17,94007,Matías Rojas,Corinthians,MEI,5.93,0.0,0.0,0.0,0.0,25.333167268651138,9.676250584385228,0.0,0.34615321963218154,0.02083333333333333,0,8,43.93008103934686,26.88642657966906,26.88642657966906,visitante,0.0,0.0,0,0.0,0.0,0.0,0,0,0.3333333333333333
1200,17,102906,Anderson,Cruzeiro,GOL,3.0,0.0,0.0,0.0,0.0,28.542383810347825,10.895859524490506,0.0,0.0,0.0,0,6,17.572699629610252,30.16898230099481,17.572699629610252,mandante,0.0,0.0,0,0.0,0.0,0.0,0,0,0.3333333333333333
3918,17,89846,Cristaldo,Grêmio,MEI,12.03,0.0,0.0,31.50235294117647,8.193277310924369,39.48305540894722,10.895859524490506,11.5275,9.413632754905297,0.5287036280870611,0,8,43.93008103934686,58.22074717959054,58.22074717959054,visitante,0.0,5.76625,0,6.050000000000002,9.9,6.050000000000002,0,0,0.3333333333333333
333,17,39850,Vagner Mancini,América-MG,TEC,7.47,2.91,-0.08,0.0,0.0,28.542383810347825,10.895859524490506,0.0,8.59625321132696,0.5263206509000035,0,3,43.93008103934686,26.068996181365318,26.068996181365318,visitante,0.0,3.186875,0,2.895,4.0175,2.895,0,0,0.3333333333333333
1197,17,71571,Fernando Miguel,Fortaleza,GOL,10.86,0.0,0.0,0.0,0.0,28.701366322271515,22.552665383833073,0.0,2.173643025711092,0.13298867231094305,0,3,43.93008103934686,37.34678879993507,37.34678879993507,visitante,0.0,7.0625,0,0.0,0.0,0.0,0,0,0.3333333333333333
3953,17,107950,Fausto Vera,Corinthians,MEI,6.9099999999999975,-0.1,-0.1,10.084117647058825,0.0,33.639219165873634,10.895859524490506,4.150625,3.860626496603625,0.2433377190373337,0,8,43.93008103934686,26.88642657966906,26.88642657966906,visitante,0.0,3.2895833333333337,0,-0.1,2.0,-0.1,0,0,0.3333333333333333
1190,17,93834,Keiller,Internacional,GOL,5.08,0.0,0.0,0.0,0.0,28.542383810347825,16.963836025947092,0.0,1.3765307021407809,0.13572407409867132,0,3,34.96114698259281,30.16898230099481,34.96114698259281,mandante,2.7888888888888888,0.0,0,0.0,0.0,0.0,0,0,0.3333333333333333
2848,17,117314,Thiago Borbas,Bragantino,ATA,5.77,18.8,3.17,27.3,11.666666666666664,23.32765982921288,10.895859524490506,11.5,5.223111201997222,0.6871504634651913,0,8,43.93008103934686,59.926175380021455,59.926175380021455,visitante,0.0,5.990178571428572,0,0.7333333333333334,8.233333333333333,0.7333333333333334,0,0,0.3333333333333333
1217,17,86508,Jandrei,São Paulo,GOL,5.26,0.0,0.0,0.0,0.0,28.760248734095107,14.742013370644354,0.0,0.8729981667038499,0.10588235294117647,0,8,49.10198009508934,30.16898230099481,49.10198009508934,mandante,0.0,0.0,0,0.0,0.0,0.0,0,0,0.3333333333333333
1211,17,69051,Danilo Fernandes,Bahia,GOL,4.64,0.0,0.0,0.0,0.0,28.542383810347825,15.601741877431685,0.0,0.6544288472235856,0.11226080793763292,0,3,48.4489626742781,30.16898230099481,48.4489626742781,mandante,0.9375,0.0,0,0.0,0.0,0.0,0,0,0.3333333333333333
329,17,125470,Thiago Kosloski,Coritiba,TEC,10.34,3.94,-0.56,0.0,0.0,27.792492953783285,6.5749811198619055,0.0,12.76198489948149,0.8103795023857738,0,10,17.80389281930546,30.16898230099481,17.80389281930546,mandante,5.94,0.0,0,8.004999999999999,5.666666666666668,8.004999999999999,0,0,0.3333333333333333
3807,17,103295,Eric Ramires,Bragantino,MEI,3.82,1.0,-0.42,11.764705882352944,0.0,31.02093617913772,10.895859524490506,4.334705882352941,3.1100091170130275,0.7556177584046813,0,8,43.93008103934686,59.926175380021455,59.926175380021455,visitante,0.0,3.6616071428571435,0,4.175,3.533333333333333,4.175,0,0,0.3333333333333333
3810,17,112886,Lucas Barbosa,Coritiba,MEI,4.91,0.9,-0.32,0.0,0.0,32.57368587365681,10.895859524490506,11.11,1.739743473119258,0.16159049418229768,0,10,17.80389281930546,30.16898230099481,17.80389281930546,mandante,2.2625,0.0,0,0.9,0.9,0.9,0,0,0.3333333333333333
1222,17,69040,Vladimir,Santos,GOL,2.61,0.0,0.0,0.0,0.0,28.542383810347825,11.275366165856733,0.0,-0.3185930929017459,-0.04411764705882353,0,4,30.353273442413386,30.16898230099481,30.353273442413386,mandante,0.7625,0.0,0,-1.5,0.0,-1.5,0,0,0.3333333333333333
3861,17,105647,Maurício,Internacional,MEI,7.97,0.0,-0.68,5.882352941176472,1.1764705882352942,29.76206307933505,10.895859524490506,3.9070588235294124,2.9843185622412127,0.20083749261528827,0,3,34.96114698259281,30.16898230099481,34.96114698259281,mandante,4.813888888888889,0.0,0,1.05,0.0,1.05,0,0,0.3333333333333333
1232,17,104383,Matheus Mendes,Atlético-MG,GOL,3.0,0.0,0.0,0.0,0.0,28.542383810347825,10.895859524490506,0.0,0.0,0.0,0,2,43.93008103934686,20.68600323441277,20.68600323441277,visitante,0.0,0.0,0,0.0,0.0,0.0,0,0,0.3333333333333333
3832,17,100969,Ronald Lopes,Cuiabá,MEI,3.95,0.0,0.0,5.3476470588235285,1.96078431372549,32.49069386648242,10.895859524490506,4.237058823529412,2.7472527472527477,0.4361134222879373,0,13,32.09900028725026,30.16898230099481,32.09900028725026,mandante,1.3354166666666667,0.0,0,0.275,0.0,0.275,0,0,0.3333333333333333
3863,17,87742,Neto Moura,Cruzeiro,MEI,2.32,0.0,0.0,0.0,0.0,28.87658194782893,10.895859524490506,1.972941176470588,0.9276525657166114,0.21544219993553676,0,6,17.572699629610252,30.16898230099481,17.572699629610252,mandante,0.95625,0.0,0,0.5,-0.3,0.5,0,0,0.3333333333333333
1188,17,94044,John Victor,Internacional,GOL,8.29,0.0,0.0,0.0,0.0,29.39160201250721,30.82978181135397,0.0,5.726367720905647,0.4707466736838233,0,3,34.96114698259281,30.16898230099481,34.96114698259281,mandante,5.688888888888888,0.0,0,9.25,3.8333333333333335,9.25,0,0,0.3333333333333333
3893,17,96340,Lima,Fluminense,MEI,11.49,0.0,-0.55,21.585882352941173,6.764705882352941,32.97531285628883,10.895859524490506,8.486470588235292,7.959195661112527,0.488840536703143,0,7,31.387610482088785,30.16898230099481,31.387610482088785,mandante,4.116666666666666,0.0,0,0.7799999999999999,3.5500000000000003,0.7799999999999999,0,0,0.3333333333333333
1233,17,72294,Everson,Atlético-MG,GOL,5.57,0.0,-0.09,0.0,0.0,29.36316855791012,30.87240799854222,0.0,5.353432557350634,0.6790933081842028,0,2,43.93008103934686,20.68600323441277,20.68600323441277,visitante,0.0,4.222222222222221,0,0.3333333333333333,2.5,0.3333333333333333,0,0,0.3333333333333333
1243,17,70449,Gabriel,Coritiba,GOL,5.9700000000000015,-1.0,-1.49,5.882352941176472,0.0,29.093959399546925,35.71797449581413,0.0,5.1737469298644605,0.6460068034722082,0,10,17.80389281930546,30.16898230099481,17.80389281930546,mandante,4.104166666666666,0.0,0,5.5,3.875,5.5,0,0,0.3333333333333333
1245,17,68940,Rafael Cabral,Cruzeiro,GOL,10.03,-2.0,-0.38,0.0,0.0,29.71469057088988,41.129204542526345,0.0,6.8816675028160885,0.4488486966836415,0,6,17.572699629610252,30.16898230099481,17.572699629610252,mandante,2.888888888888889,0.0,0,5.75,4.0,5.75,0,0,0.3333333333333333
3870,17,87747,Yago Felipe,Bahia,MEI,4.13,0.0,0.0,0.0,0.0,29.528065328454836,10.895859524490506,1.0405882352941178,1.3633934317158032,0.13227020414538193,0,3,48.4489626742781,30.16898230099481,48.4489626742781,mandante,2.0125,0.0,0,-0.5,-0.1,-0.5,0,0,0.3333333333333333
1857,17,97653,Murilo,Palmeiras,ZAG,8.61,8.9,1.22,11.764705882352944,2.3529411764705883,29.659297209323963,11.042918348019919,1.6452941176470588,2.625298329355609,0.19371433532437066,0,9,43.93008103934686,39.84300076271127,39.84300076271127,visitante,0.0,4.084722222222221,0,0.7999999999999999,5.6000000000000005,0.7999999999999999,0,0,0.3333333333333333
1183,17,112616,Gabriel Grando,Grêmio,GOL,6.22,1.0,-1.0,0.0,0.0,28.87219315343991,36.75285763142644,0.0,4.3304772804602685,0.5197587553999751,0,8,43.93008103934686,58.22074717959054,58.22074717959054,visitante,0.0,3.9479166666666665,0,5.0,1.5,5.0,0,0,0.3333333333333333
1879,17,87808,Philipe Sampaio,Botafogo,ZAG,3.95,2.0,-0.07,0.0,0.0,30.54713729161934,11.378155006785992,1.5223529411764705,1.7843545943285204,0.36310922608977103,0,13,43.93008103934686,51.46518602047724,51.46518602047724,visitante,0.0,4.38,0,2.0,2.6333333333333333,2.0,0,0,0.3333333333333333
1888,17,73620,Bruno Alves,Grêmio,ZAG,6.71,1.0,-0.89,0.0,0.0,33.02988338477117,11.373241313376644,2.2125,3.227236639962056,0.2898345921938904,0,8,43.93008103934686,58.22074717959054,58.22074717959054,visitante,0.0,3.497916666666667,0,3.225,1.0,3.225,0,0,0.3333333333333333
1863,17,70172,Fábio,Grêmio,LAT,4.63,1.7,-0.47,5.882352941176472,0.0,30.419031528258518,10.895859524490506,0.694375,1.3094538443296524,0.15703020046298566,0,8,43.93008103934686,58.22074717959054,58.22074717959054,visitante,0.0,4.60625,0,0.0,0.0,0.0,0,0,0.3333333333333333
1864,17,72532,Maguinho,Goiás,LAT,4.65,1.7,-0.69,11.764705882352944,2.4509803921568625,24.950169624387136,11.396070361513491,8.704117647058823,5.9130521017987085,1.1585869324691576,0,5,32.722730630932496,30.16898230099481,32.722730630932496,mandante,4.258333333333333,0.0,0,3.5666666666666664,4.25,3.5666666666666664,0,0,0.3333333333333333
1866,17,73318,Daniel Borges,América-MG,LAT,4.98,1.4,-0.02,0.0,0.0,30.03113237745336,10.895859524490506,3.03,2.453598129492249,0.13062339806583814,0,3,43.93008103934686,26.068996181365318,26.068996181365318,visitante,0.0,1.99375,0,1.4,1.2999999999999998,1.4,0,0,0.3333333333333333
1868,17,38877,Mariano,Atlético-MG,LAT,5.1400000000000015,1.2,0.01,0.0,0.0,33.488760119965114,11.222411750782372,0.5347058823529411,2.756222702794385,0.2668864311615477,0,2,43.93008103934686,20.68600323441277,20.68600323441277,visitante,0.0,3.4652777777777777,0,1.3333333333333333,3.1500000000000004,1.3333333333333333,0,0,0.3333333333333333
1886,17,103575,Caetano,Corinthians,ZAG,3.61,1.4,-0.64,0.0,0.0,31.651949373870305,11.249011537984078,0.893125,2.2846112495723983,0.3950293482142828,0,8,43.93008103934686,26.88642657966906,26.88642657966906,visitante,0.0,4.19375,0,0.7,4.8,0.7,0,0,0.3333333333333333
1875,17,82628,Tinga,Fortaleza,LAT,9.35,0.0,0.0,5.882352941176472,0.8403361344537814,43.38308704748636,11.759884806210284,3.7623529411764713,7.110917898397714,0.4870796596538993,0,3,43.93008103934686,37.34678879993507,37.34678879993507,visitante,0.0,4.420833333333333,0,8.2,3.35,8.2,0,0,0.3333333333333333
1884,17,85626,Léo,Vasco,ZAG,3.31,1.7,-0.51,0.0,0.0,29.894791471704604,11.063926751381263,0.44625,2.622261070534378,0.4690111068541606,0,1,18.328328312270585,30.16898230099481,18.328328312270585,mandante,3.2357142857142858,0.0,0,5.133333333333334,0.04999999999999993,5.133333333333334,0,0,0.3333333333333333
1883,17,88033,Alan Empereur,Cuiabá,ZAG,4.13,1.7,0.24,5.882352941176472,0.0,30.762845298611204,11.352730422537876,3.552941176470588,3.1942264085121232,0.4810021031494654,0,13,32.09900028725026,30.16898230099481,32.09900028725026,mandante,0.7666666666666666,0.0,0,-0.3,3.433333333333333,-0.3,0,0,0.3333333333333333
1879,17,88423,Aderlan,Bragantino,LAT,9.85,0.0,0.0,5.882352941176472,0.0,37.86009534573153,11.604399350677392,1.6552941176470588,4.149519013658479,0.3672824186614389,0,8,43.93008103934686,59.926175380021455,59.926175380021455,visitante,0.0,5.135416666666666,0,6.1,11.8,6.1,0,0,0.3333333333333333
1883,17,110727,Rubens,Atlético-MG,LAT,11.53,0.0,0.0,0.0,0.0,47.275526561642245,11.565217792117826,2.8923529411764712,7.738625280922697,0.4451857032376447,0,2,43.93008103934686,20.68600323441277,20.68600323441277,visitante,0.0,5.161111111111111,0,7.1,2.9,7.1,0,0,0.3333333333333333
1876,17,71684,Gustavo Gómez,Palmeiras,ZAG,8.22,2.5,0.18,5.0711764705882345,0.0,33.92974223229438,11.348546672224096,3.3188235294117643,3.9954035180765484,0.2955284553569775,0,9,43.93008103934686,39.84300076271127,39.84300076271127,visitante,0.0,3.997222222222223,0,1.3333333333333333,3.35,1.3333333333333333,0,0,0.3333333333333333
1892,17,68942,Luciano Castán,Cruzeiro,ZAG,5.79,0.5,-0.01,0.0,0.0,31.60257839094089,11.962015284503556,2.881764705882353,4.363753395870998,0.5165153364930565,0,6,17.572699629610252,30.16898230099481,17.572699629610252,mandante,2.01875,0.0,0,1.8,3.9,1.8,0,0,0.3333333333333333
1890,17,106327,Wesley Gasolina,Cruzeiro,LAT,3.0,0.0,0.0,0.0,0.0,28.542383810347825,10.895859524490506,0.0,0.0,0.0,0,6,17.572699629610252,30.16898230099481,17.572699629610252,mandante,0.0,0.0,0,0.0,0.0,0.0,0,0,0.3333333333333333
1874,17,70666,Marllon,Cuiabá,ZAG,6.78,2.6,0.34,10.953529411764707,1.1764705882352942,33.74607164330512,11.57897476642928,3.2988235294117647,5.690737833594977,0.4999781252637765,0,13,32.09900028725026,30.16898230099481,32.09900028725026,mandante,2.404166666666667,0.0,0,1.8,3.5,1.8,0,0,0.3333333333333333
1914,17,38402,Marcelo,Fluminense,LAT,13.89,0.0,0.0,5.0711764705882345,0.0,35.419806414972136,11.589785126931842,4.624117647058823,4.953693732500539,0.20473083011008775,0,7,31.387610482088785,30.16898230099481,31.387610482088785,mandante,5.777777777777778,0.0,0,8.533333333333333,4.6,8.533333333333333,0,0,0.3333333333333333
1916,17,101319,Guga,Fluminense,LAT,7.97,0.0,0.0,5.882352941176472,0.0,35.635624507910514,11.367311522105295,1.0811764705882352,4.356509310203044,0.3401352005719601,0,7,31.387610482088785,30.16898230099481,31.387610482088785,mandante,2.577777777777777,0.0,0,-0.55,0.0,-0.55,0,0,0.3333333333333333
1918,17,93702,Gabriel Inocêncio,Santos,LAT,6.789999999999999,0.0,-0.27,0.0,0.0,38.09537750105847,11.704123666317821,2.730588235294117,6.233804851110826,0.6006795151917086,0,4,30.353273442413386,30.16898230099481,30.353273442413386,mandante,3.7375,0.0,0,3.1666666666666665,-0.95,3.1666666666666665,0,0,0.3333333333333333
1930,17,51042,Apodi,Goiás,LAT,5.29,0.0,0.0,5.115294117647059,2.3529411764705883,28.255248446849265,11.059258217300963,2.7205882352941178,2.739590177143637,0.25591747177302543,0,5,32.722730630932496,30.16898230099481,32.722730630932496,mandante,4.41,0.0,0,2.6,2.8,2.6,0,0,0.3333333333333333
1943,17,38229,Fábio Santos,Corinthians,LAT,4.85,0.0,-1.07,0.0,0.0,30.075329301882448,11.475255881875476,1.5625,2.736646630503836,0.338838724590142,0,8,43.93008103934686,26.88642657966906,26.88642657966906,visitante,0.0,3.5026785714285715,0,0.0,4.75,0.0,0,0,0.3333333333333333
1865,17,79113,Víctor Cuesta,Botafogo,ZAG,10.62,5.6,0.06,10.997647058823528,2.3529411764705883,42.10237313498675,12.631450859540045,3.685882352941176,7.237403764065249,0.6130197215348155,0,13,43.93008103934686,51.46518602047724,51.46518602047724,visitante,0.0,5.166666666666667,0,7.0,6.0,7.0,0,0,0.3333333333333333
1945,17,68727,Dodô,Santos,LAT,3.84,-0.1,-0.48,0.0,0.0,31.39635342783736,10.895859524490506,0.0,3.4301856335754635,0.11325882423465328,0,4,30.353273442413386,30.16898230099481,30.353273442413386,mandante,2.9625,0.0,0,2.9,1.4,2.9,0,0,0.3333333333333333
1949,17,89275,William,Cruzeiro,LAT,9.26,-1.3,-0.58,5.882352941176472,0.0,39.132004940996865,11.9830236878649,2.8247058823529416,6.85326997529415,0.5628642238772306,0,6,17.572699629610252,30.16898230099481,17.572699629610252,mandante,2.55,0.0,0,3.633333333333333,5.533333333333332,3.633333333333333,0,0,0.3333333333333333
1862,17,72605,Vitor Hugo,Bahia,ZAG,5.28,7.0,0.93,0.0,0.0,31.52082839485413,11.346117967076314,2.1241176470588234,3.239422793756749,0.3174744592257863,0,3,48.4489626742781,30.16898230099481,48.4489626742781,mandante,2.6175,0.0,0,3.2,3.1333333333333333,3.2,0,0,0.3333333333333333
1859,17,90061,Bruno Pacheco,Fortaleza,LAT,10.92,2.1,0.03,10.953529411764707,0.0,39.9285592544346,12.122928055710444,3.93,10.13331677224361,0.6265436837173376,0,3,43.93008103934686,37.34678879993507,37.34678879993507,visitante,0.0,5.191071428571427,0,4.875000000000001,4.233333333333333,4.875000000000001,0,0,0.3333333333333333
1893,17,38394,Thiago Heleno,Athletico-PR,ZAG,7.41,0.5,-0.82,0.0,0.0,32.749858561506265,11.704621178840398,1.7829411764705885,3.8228205767472785,0.35436788772236344,0,8,43.93008103934686,45.517941785667155,45.517941785667155,visitante,0.0,2.861111111111111,0,3.5250000000000004,0.7,3.5250000000000004,0,0,0.3333333333333333
1179,17,91260,Lucas Perri,Botafogo,GOL,11.04,3.0,0.64,0.0,0.0,30.446039893063396,54.25705879618832,0.0,8.57566970981164,0.6658127128645047,0,13,43.93008103934686,51.46518602047724,51.46518602047724,visitante,0.0,6.21875,0,8.333333333333334,7.625,8.333333333333334,0,0,0.3333333333333333
1940,17,91772,David Duarte,Bahia,ZAG,5.2,0.0,0.0,5.882352941176472,0.980392156862745,30.8447995166682,11.194898058823162,1.3188235294117647,3.1412584666732104,0.4001266495955602,0,3,48.4489626742781,30.16898230099481,48.4489626742781,mandante,2.9575,0.0,0,0.0,0.0,0.0,0,0,0.3333333333333333
3959,17,106323,Caio Alexandre,Fortaleza,MEI,8.280000000000001,-0.9,-0.42,17.112352941176468,1.96078431372549,37.134664534993526,10.895859524490506,4.229411764705882,5.5997184614747635,0.4151268163357236,0,3,43.93008103934686,37.34678879993507,37.34678879993507,visitante,0.0,5.133928571428571,0,1.95,2.8000000000000003,1.95,0,0,0.3333333333333333
1176,17,37656,Fábio,Fluminense,GOL,12.18,5.0,0.56,0.0,0.0,29.791117515270837,43.44366450242494,0.0,7.6850782213694115,0.35951588750384633,0,7,31.387610482088785,30.16898230099481,31.387610482088785,mandante,4.0,0.0,0,4.8,1.5,4.8,0,0,0.3333333333333333
1175,17,71631,Weverton,Palmeiras,GOL,9.1,5.0,0.34,0.0,0.0,29.26103998889841,39.04043244790017,0.0,5.215239105453903,0.39880714620953017,0,9,43.93008103934686,39.84300076271127,39.84300076271127,visitante,0.0,5.190972222222221,0,1.6666666666666667,5.833333333333332,1.6666666666666667,0,0,0.3333333333333333
1172,17,68928,Rafael,São Paulo,GOL,7.67,8.2,1.07,0.0,0.0,30.33241511539197,35.605374996455325,0.0,5.645388144684897,0.5105276165984135,0,8,49.10198009508934,30.16898230099481,49.10198009508934,mandante,4.566666666666666,0.0,0,4.55,0.75,4.55,0,0,0.3333333333333333
1170,17,85004,Marcos Felipe,Bahia,GOL,7.26,16.0,1.92,0.0,0.0,29.40934919232605,40.91670873294443,0.0,7.307788793996705,0.6620991227372294,0,3,48.4489626742781,30.16898230099481,48.4489626742781,mandante,2.8125,0.0,0,5.333333333333333,7.833333333333332,5.333333333333333,0,0,0.3333333333333333
1861,17,105373,Gabriel Xavier,Bahia,ZAG,4.5,7.3,0.48,0.0,0.0,34.324207782678556,11.53587128775943,1.6341176470588237,4.002923115517598,0.5989899433964531,0,3,48.4489626742781,30.16898230099481,48.4489626742781,mandante,3.875,0.0,0,6.4,3.4666666666666663,6.4,0,0,0.3333333333333333
1960,17,114790,Cleiton,Flamengo,ZAG,3.0,0.0,0.0,0.0,0.0,28.542383810347825,10.895859524490506,0.0,0.0,0.0,0,9,43.93008103934686,41.30859449800376,41.30859449800376,visitante,0.0,0.0,0,0.0,0.0,0.0,0,0,0.3333333333333333
1834,17,96678,Bustos,Internacional,LAT,7.9099999999999975,10.1,0.71,5.3476470588235285,2.3529411764705883,37.39764276550632,11.762370727813856,4.904117647058825,6.959739230023787,0.5273542902859601,0,3,34.96114698259281,30.16898230099481,34.96114698259281,mandante,5.063888888888889,0.0,0,9.4,5.7333333333333325,9.4,0,0,0.3333333333333333
1950,17,69189,Sidimar,Goiás,ZAG,2.92,0.0,-0.8,0.0,0.0,29.151197860952248,11.249011537984078,1.5594117647058825,1.772675996975294,0.4012538586105594,0,5,32.722730630932496,30.16898230099481,32.722730630932496,mandante,2.8875,0.0,0,0.0,5.3,0.0,0,0,0.3333333333333333
1949,17,111839,Felipe Andrade,Fluminense,ZAG,1.6,0.0,0.0,0.0,0.0,28.701366322271515,11.042918348019919,0.7352941176470589,0.5678146966107337,0.4555555555555555,0,7,31.387610482088785,30.16898230099481,31.387610482088785,mandante,2.7444444444444445,0.0,0,1.9333333333333331,0.0,1.9333333333333331,0,0,0.3333333333333333
1945,17,91664,Adryelson,Botafogo,ZAG,7.62,0.0,0.0,5.882352941176472,0.980392156862745,31.827897821646644,12.631450859540045,2.9447058823529413,5.5607257400841394,0.7772123099755865,0,13,43.93008103934686,51.46518602047724,51.46518602047724,visitante,0.0,5.1125,0,5.9,5.9,5.9,0,0,0.3333333333333333
1836,17,73384,Samuel Xavier,Fluminense,LAT,10.28,9.3,1.19,17.647058823529417,0.8403361344537814,35.77599360283696,11.737622813040366,4.276470588235293,6.627768096645977,0.4133164634431404,0,7,31.387610482088785,30.16898230099481,31.387610482088785,mandante,4.7340277777777775,0.0,0,7.540000000000001,2.5,7.540000000000001,0,0,0.3333333333333333
1856,17,107908,Hugo,Goiás,LAT,2.71,2.4,-0.18,0.0,0.0,30.147894049634157,11.08561284517362,0.0,0.9669141801683424,0.1803099925316302,0,5,32.722730630932496,30.16898230099481,32.722730630932496,mandante,3.95,0.0,0,2.4,4.2,2.4,0,0,0.3333333333333333
1922,17,80692,Luan,Palmeiras,ZAG,7.45,0.0,0.0,5.882352941176472,0.980392156862745,29.566108766217212,11.348546672224096,4.300588235294118,3.694864315389375,0.3354614212101378,0,9,43.93008103934686,39.84300076271127,39.84300076271127,visitante,0.0,4.247222222222224,0,1.55,0.95,1.55,0,0,0.3333333333333333
1921,17,94514,Oliveira,Cruzeiro,ZAG,8.55,0.0,0.0,5.882352941176472,1.96078431372549,36.697431952624676,11.763782145093947,1.738235294117647,4.628796986075745,0.3751217503756029,0,6,17.572699629610252,30.16898230099481,17.572699629610252,mandante,2.44375,0.0,0,5.15,2.3,5.15,0,0,0.3333333333333333
1906,17,113295,Júlio,América-MG,ZAG,4.79,0.0,0.0,11.111111111111109,0.0,28.676194029491445,10.575046711091593,0.0,2.644433539563868,1.0777777777777775,0,3,43.93008103934686,26.068996181365318,26.068996181365318,visitante,0.0,2.6875,0,0.0,0.0,0.0,0,0,0.3333333333333333
1841,17,102318,Caio Paulista,São Paulo,LAT,9.5,7.7,0.58,10.953529411764707,0.0,30.414194589467677,11.552112374046954,8.97764705882353,6.489286372498617,0.4731967167181951,0,8,49.10198009508934,30.16898230099481,49.10198009508934,mandante,4.4756944444444455,0.0,0,2.6,2.7,2.6,0,0,0.3333333333333333
1843,17,94968,Juninho Capixaba,Bragantino,LAT,11.26,7.0,0.02,16.221176470588233,2.4509803921568625,44.371739333018866,12.16551191740006,6.7141176470588215,9.508959382428873,0.7607686382938915,0,8,43.93008103934686,59.926175380021455,59.926175380021455,visitante,0.0,5.43125,0,9.6,7.933333333333334,9.6,0,0,0.3333333333333333
1847,17,111428,Camilo Cándido,Bahia,LAT,4.0,4.7,0.46,0.0,0.0,24.14269107817495,10.400888265544648,0.0,2.9049369385091377,0.39166666666666666,0,3,48.4489626742781,30.16898230099481,48.4489626742781,mandante,0.0,0.0,0,0.0,0.0,0.0,0,0,0.3333333333333333
1849,17,98605,Di Placido,Botafogo,LAT,10.53,3.8,0.2,22.103529411764704,1.4705882352941178,50.85633649594327,12.468052166729588,3.646470588235294,8.860243502872652,0.8407745820682482,0,13,43.93008103934686,51.46518602047724,51.46518602047724,visitante,0.0,5.5357142857142865,0,9.333333333333334,7.7333333333333325,9.333333333333334,0,0,0.3333333333333333
1902,17,106434,Eduardo Santos,Bragantino,ZAG,5.87,0.0,0.0,11.764705882352944,0.8403361344537814,27.85274868455767,11.830643694568794,2.477058823529412,4.260286461661681,0.7224147221225884,0,8,43.93008103934686,59.926175380021455,59.926175380021455,visitante,0.0,3.560416666666667,0,9.133333333333333,5.6,9.133333333333333,0,0,0.3333333333333333
1898,17,63354,Rodrigo Moledo,Internacional,ZAG,2.82,0.0,0.0,0.0,0.0,30.348930130790787,11.063926751381263,0.6535294117647058,0.9690776143071096,0.19647479673514665,0,3,34.96114698259281,30.16898230099481,34.96114698259281,mandante,3.4722222222222223,0.0,0,0.0,0.0,0.0,0,0,0.3333333333333333
1853,17,102130,Piquerez,Palmeiras,LAT,9.74,2.5,0.02,11.764705882352944,0.0,39.36263395754382,11.495605495753507,2.3541176470588243,5.498099531512419,0.3815411872835296,0,9,43.93008103934686,39.84300076271127,39.84300076271127,visitante,0.0,5.847222222222222,0,2.966666666666667,3.95,2.966666666666667,0,0,0.3333333333333333
1895,17,84339,Bruno Melo,Goiás,ZAG,5.7200000000000015,0.4,-0.73,17.647058823529417,2.156862745098039,28.506590478706745,11.206317040830376,8.297647058823529,5.553558368146375,0.6095376916182121,0,5,32.722730630932496,30.16898230099481,32.722730630932496,mandante,4.05,0.0,0,2.3000000000000003,3.533333333333333,2.3000000000000003,0,0,0.3333333333333333
1976,17,72951,Mercado,Internacional,ZAG,6.47,-2.7,-1.51,0.0,0.0,34.441954529792426,11.762370727813856,1.64,4.459959474936129,0.4754451657220778,0,3,34.96114698259281,30.16898230099481,34.96114698259281,mandante,4.268888888888889,0.0,0,4.433333333333334,3.766666666666667,4.433333333333334,0,0,0.3333333333333333
2847,17,85993,Gustavo Sauer,Botafogo,ATA,1.87,24.6,4.33,5.882352941176472,1.1764705882352942,30.674805406437244,10.895859524490506,1.4705882352941178,2.307355078873087,0.930735119627228,0,13,43.93008103934686,51.46518602047724,51.46518602047724,visitante,0.0,4.775,0,12.3,0.2,12.3,0,0,0.3333333333333333
3750,17,115986,Denilson,Cuiabá,MEI,4.34,5.0,0.5,10.997647058823528,1.96078431372549,34.46193566607059,10.895859524490506,7.523529411764707,5.1892551892551895,0.8038214542351403,0,13,32.09900028725026,30.16898230099481,32.09900028725026,mandante,2.902380952380952,0.0,0,6.0,3.0,6.0,0,0,0.3333333333333333
3738,17,72775,Fernandinho,Athletico-PR,MEI,4.95,8.0,1.26,11.764705882352944,1.1764705882352942,28.671578749231355,10.895859524490506,1.236470588235294,1.8837086899914128,0.21542547741333606,0,8,43.93008103934686,45.517941785667155,45.517941785667155,visitante,0.0,1.9444444444444444,0,4.166666666666667,0.6,4.166666666666667,0,0,0.3333333333333333
3779,17,86686,Tchê Tchê,Botafogo,MEI,7.68,1.9,0.08,16.835882352941177,1.1764705882352942,27.873521451425198,10.895859524490506,6.3858823529411755,3.361047231558463,0.33391868760946064,0,13,43.93008103934686,51.46518602047724,51.46518602047724,visitante,0.0,4.55,0,2.733333333333333,0.75,2.733333333333333,0,0,0.3333333333333333
2976,17,111771,Arthur Sales,Bahia,ATA,2.99,0.0,0.0,5.882352941176472,1.4705882352941178,29.595995248161632,10.895859524490506,2.973529411764705,2.1596151958378327,0.48931809572303997,0,3,48.4489626742781,30.16898230099481,48.4489626742781,mandante,2.8975,0.0,0,0.0,0.0,0.0,0,0,0.3333333333333333
2974,17,78117,Everaldo,Bahia,ATA,7.68,0.0,-0.39,11.23,5.098039215686273,27.740344353245174,10.895859524490506,5.382352941176472,2.9885584023210403,0.19881699291063185,0,3,48.4489626742781,30.16898230099481,48.4489626742781,mandante,2.444642857142857,0.0,0,0.1333333333333333,0.4666666666666666,0.1333333333333333,0,0,0.3333333333333333
3733,17,113558,Bruninho,Bragantino,MEI,8.41,10.4,1.41,15.703529411764706,8.235294117647058,31.80334971781446,10.895859524490506,3.650588235294118,3.1355708357829983,0.2823482338106276,0,8,43.93008103934686,59.926175380021455,59.926175380021455,visitante,0.0,5.00625,0,1.7000000000000002,7.25,1.7000000000000002,0,0,0.3333333333333333
3032,17,94207,Guilherme,Fortaleza,ATA,5.99,-1.3,-0.54,4.201764705882353,0.0,28.557615456272075,10.895859524490506,6.380588235294117,3.1155550035192316,0.34672841767888096,0,3,43.93008103934686,37.34678879993507,37.34678879993507,visitante,0.0,4.7125,0,0.475,1.05,0.475,0,0,0.3333333333333333
3778,17,99412,Morelli,Goiás,MEI,5.82,2.0,0.01,5.882352941176472,0.8403361344537814,32.16313831647671,10.895859524490506,6.357058823529411,5.714710731507767,0.5577809329066528,0,5,32.722730630932496,30.16898230099481,32.722730630932496,mandante,4.875,0.0,0,3.033333333333333,3.3,3.033333333333333,0,0,0.3333333333333333
3029,17,86757,Everton,Flamengo,ATA,9.0,-0.3,-0.91,23.654117647058825,6.932773109243697,32.21643802715236,10.895859524490506,12.54294117647059,5.988759020403867,0.537522316200647,0,9,43.93008103934686,41.30859449800376,41.30859449800376,visitante,0.0,3.6722222222222234,0,0.0,0.0,0.0,0,0,0.3333333333333333
3753,17,103388,Emmanuel Martínez,América-MG,MEI,5.85,4.6,0.16,16.835882352941177,0.0,33.819194940700086,10.895859524490506,4.553125,8.298934849753195,0.7638505345122745,0,3,43.93008103934686,26.068996181365318,26.068996181365318,visitante,0.0,3.49375,0,2.15,6.3,2.15,0,0,0.3333333333333333
2991,17,118844,Kaio César,Coritiba,ATA,4.17,0.0,0.0,0.0,0.0,30.2008622463684,10.895859524490506,2.756470588235294,3.047393796052034,0.43740376890185795,0,10,17.80389281930546,30.16898230099481,17.80389281930546,mandante,2.6625,0.0,0,1.1666666666666667,4.15,1.1666666666666667,0,0,0.3333333333333333
3755,17,68685,Alan Patrick,Internacional,MEI,7.899999999999999,4.3,0.64,8.945882352941178,0.0,27.50855940714626,10.895859524490506,7.203529411764706,3.7331512642057967,0.2041923702557224,0,3,34.96114698259281,30.16898230099481,34.96114698259281,mandante,2.807638888888889,0.0,0,1.0666666666666669,1.2,1.0666666666666669,0,0,0.3333333333333333
3764,17,89256,Gerson,Flamengo,MEI,11.53,3.4,-0.26,28.09294117647059,6.764705882352941,29.24742837710821,10.895859524490506,5.399411764705882,6.83928555770866,0.43111787806310414,0,9,43.93008103934686,41.30859449800376,41.30859449800376,visitante,0.0,5.285714285714286,0,4.75,4.72,4.75,0,0,0.3333333333333333
3756,17,111682,Adson,Corinthians,MEI,5.54,4.3,-0.06,0.0,0.0,40.94788802544152,10.895859524490506,6.276875,5.216732639397937,0.5777898199425244,0,8,43.93008103934686,26.88642657966906,26.88642657966906,visitante,0.0,3.58125,0,4.3,3.033333333333333,4.3,0,0,0.3333333333333333
2961,17,68920,Dudu,Palmeiras,ATA,16.34,0.0,0.0,26.955294117647057,10.294117647058824,28.453324461057004,10.895859524490506,11.004705882352939,7.310174135949793,0.31480313517667896,0,9,43.93008103934686,39.84300076271127,39.84300076271127,visitante,0.0,5.272222222222221,0,6.6,3.8,6.6,0,0,0.3333333333333333
2892,17,98433,Sebastián Ferreira,Vasco,ATA,7.0,2.3,-0.96,0.0,0.0,21.428571428571427,2.1739130434782608,11.11,5.7926784100505175,0.32857142857142857,0,1,18.328328312270585,30.16898230099481,18.328328312270585,mandante,0.0,0.0,0,0.0,0.0,0.0,0,0,0.3333333333333333
2956,17,112370,Emerson Ramon,Cuiabá,ATA,4.11,0.0,0.0,0.0,0.0,29.837514459893807,10.895859524490506,17.633333333333333,5.065701494272923,0.33081843803353433,0,13,32.09900028725026,30.16898230099481,32.09900028725026,mandante,1.35,0.0,0,1.2000000000000002,0.0,1.2000000000000002,0,0,0.3333333333333333
3761,17,115248,Jhon Jhon,Palmeiras,MEI,1.68,3.5,0.04,0.0,0.0,33.071317209690875,10.895859524490506,1.6452941176470588,1.4584990718642268,0.9146554635288656,0,9,43.93008103934686,39.84300076271127,39.84300076271127,visitante,0.0,3.3722222222222227,0,2.05,4.233333333333333,2.05,0,0,0.3333333333333333
2896,17,69318,Luis Suárez,Grêmio,ATA,16.18,1.8,-1.58,21.095294117647054,15.910364145658267,28.245738557700907,10.895859524490506,21.675,11.300483569962985,0.4579081179068016,0,8,43.93008103934686,58.22074717959054,58.22074717959054,visitante,0.0,4.98625,0,14.533333333333335,2.45,14.533333333333335,0,0,0.3333333333333333
2915,17,90031,Mendoza,Santos,ATA,13.32,0.1,-0.49,22.207647058823532,7.815126050420168,28.25099009334857,10.895859524490506,12.955294117647055,9.111762456989933,0.3933003788815009,0,4,30.353273442413386,30.16898230099481,30.353273442413386,mandante,6.955357142857142,0.0,0,9.6,1.4333333333333331,9.6,0,0,0.3333333333333333
2914,17,125469,Alisson,Atlético-MG,ATA,0.72,0.2,0.0,0.0,0.0,23.592117463085213,6.5749811198619055,0.0,-0.5046007717423568,-0.3655555555555556,0,2,43.93008103934686,20.68600323441277,20.68600323441277,visitante,0.0,1.3777777777777778,0,-0.04999999999999999,-1.3,-0.04999999999999999,0,0,0.3333333333333333
2912,17,70360,Eduardo Sasha,Bragantino,ATA,11.41,0.5,-0.33,43.12823529411765,10.070028011204485,29.62380862707927,10.895859524490506,12.444705882352938,7.915612245767402,0.5668874417920814,0,8,43.93008103934686,59.926175380021455,59.926175380021455,visitante,0.0,5.25625,0,5.525,5.0,5.525,0,0,0.3333333333333333
3772,17,98022,Erick,Athletico-PR,MEI,7.5,2.2,-0.41,11.937647058823528,5.882352941176472,35.66935497719799,10.895859524490506,11.137647058823529,6.242093502128407,0.7488256212236434,0,8,43.93008103934686,45.517941785667155,45.517941785667155,visitante,0.0,2.561111111111111,0,6.625,5.1,6.625,0,0,0.3333333333333333
2899,17,84817,Robson,Coritiba,ATA,8.67,1.5,-1.06,33.582941176470584,11.960784313725489,32.39282498084569,10.895859524490506,11.448823529411767,9.687983262075868,0.86586754875553,0,10,17.80389281930546,30.16898230099481,17.80389281930546,mandante,5.4437500000000005,0.0,0,11.166666666666664,2.1666666666666665,11.166666666666664,0,0,0.3333333333333333
3770,17,93790,Marlon Freitas,Botafogo,MEI,5.19,2.4,0.03,5.0711764705882345,0.0,38.945834929934904,10.895859524490506,7.950588235294116,3.0841646220936925,0.4985813647734654,0,13,43.93008103934686,51.46518602047724,51.46518602047724,visitante,0.0,4.5,0,3.266666666666667,3.925,3.266666666666667,0,0,0.3333333333333333
2943,17,113103,Flaco López,Palmeiras,ATA,6.109999999999999,0.0,-0.18,4.524705882352942,5.882352941176472,27.30290904146129,10.895859524490506,23.08,14.57615133032794,0.13617001989063415,0,9,43.93008103934686,39.84300076271127,39.84300076271127,visitante,0.0,2.3597222222222225,0,0.7,-0.1,0.7,0,0,0.3333333333333333
2942,17,107052,Stênio,Cruzeiro,ATA,2.43,0.0,0.0,0.0,0.0,28.955337733738194,10.895859524490506,3.888235294117647,1.1075035733555465,0.30395060254840744,0,6,17.572699629610252,30.16898230099481,17.572699629610252,mandante,1.3166666666666669,0.0,0,1.275,1.15,1.275,0,0,0.3333333333333333
2936,17,101715,Alerrandro,Bragantino,ATA,3.32,0.0,0.0,4.278235294117647,1.6806722689075628,27.200409111971744,10.895859524490506,1.4005882352941177,0.9883864591055102,0.2382440881266052,0,8,43.93008103934686,59.926175380021455,59.926175380021455,visitante,0.0,2.4520833333333334,0,11.5,-0.3,11.5,0,0,0.3333333333333333
2901,17,101960,Vitinho,Bragantino,ATA,6.6,1.3,-0.35,8.981176470588236,4.411764705882354,29.819104130478554,10.895859524490506,10.747058823529413,4.328451045048268,0.5433709942507139,0,8,43.93008103934686,59.926175380021455,59.926175380021455,visitante,0.0,3.3604166666666666,0,4.15,1.6,4.15,0,0,0.3333333333333333
2938,17,91151,Everaldo,América-MG,ATA,9.08,0.0,0.0,17.647058823529417,1.1764705882352942,32.7709028208117,10.895859524490506,4.711875000000001,6.956672343619201,0.35633197303810177,0,3,43.93008103934686,26.068996181365318,26.068996181365318,visitante,0.0,3.5354166666666664,0,7.6,3.25,7.6,0,0,0.3333333333333333
3766,17,91689,Matheus Jussa,Cruzeiro,MEI,2.32,2.9,-0.01,0.0,0.0,29.30851742612985,10.895859524490506,1.0458823529411765,0.7856649281069261,0.2866509519406188,0,6,17.572699629610252,30.16898230099481,17.572699629610252,mandante,1.2,0.0,0,1.5,1.5,1.5,0,0,0.3333333333333333
2977,17,80287,Luciano,São Paulo,ATA,11.4,0.0,0.0,32.200588235294106,7.815126050420168,28.58010262018127,10.895859524490506,14.185294117647054,7.3040846614222135,0.37417102048788503,0,8,49.10198009508934,30.16898230099481,49.10198009508934,mandante,5.9944444444444445,0.0,0,9.6,0.45,9.6,0,0,0.3333333333333333
2902,17,83257,Gabriel,Flamengo,ATA,13.06,1.2,-0.4,24.037647058823534,8.823529411764705,30.198210105503286,10.895859524490506,17.53941176470588,5.532806649889957,0.25335264177643885,0,9,43.93008103934686,41.30859449800376,41.30859449800376,visitante,0.0,4.033333333333333,0,6.35,1.3333333333333333,6.35,0,0,0.3333333333333333
3743,17,93787,Andrey,Coritiba,MEI,3.31,6.2,0.78,0.0,0.0,31.456997560338067,10.895859524490506,3.46764705882353,1.967160920585828,0.3097325302514553,0,10,17.80389281930546,30.16898230099481,17.80389281930546,mandante,2.7575,0.0,0,2.4,2.2,2.4,0,0,0.3333333333333333
3793,17,101594,Hugo Moura,Athletico-PR,MEI,6.27,1.4,0.19,5.882352941176472,0.0,40.21610574507682,10.895859524490506,2.5388235294117645,3.9059253718939577,0.38782122524269547,0,8,43.93008103934686,45.517941785667155,45.517941785667155,visitante,0.0,3.1798611111111112,0,1.7000000000000002,1.6333333333333335,1.7000000000000002,0,0,0.3333333333333333
3796,17,112140,Bitello,Grêmio,MEI,12.11,1.2,-0.25,16.88,4.173669467787114,37.44154134079167,10.895859524490506,10.52625,8.465052017280666,0.4065110565152903,0,8,43.93008103934686,58.22074717959054,58.22074717959054,visitante,0.0,5.564583333333332,0,5.25,2.9,5.25,0,0,0.3333333333333333
3797,17,80196,Yago Pikachu,Fortaleza,MEI,7.56,1.2,-0.1,11.764705882352944,3.1372549019607834,31.475603846019265,10.895859524490506,6.635882352941176,4.295532646048109,0.34324908641540897,0,3,43.93008103934686,37.34678879993507,37.34678879993507,visitante,0.0,3.68125,0,3.6,0.2666666666666668,3.6,0,0,0.3333333333333333
2869,17,73781,Guilherme Marques,Goiás,ATA,4.09,7.0,0.84,10.261764705882351,4.901960784313727,30.534539117220373,10.895859524490506,12.534117647058823,5.627936382005481,0.871646316488282,0,5,32.722730630932496,30.16898230099481,32.722730630932496,mandante,4.44,0.0,0,5.45,6.925,5.45,0,0,0.3333333333333333
2859,17,108946,Victor Sá,Botafogo,ATA,7.8000000000000025,11.2,1.02,9.447647058823529,5.882352941176472,33.94115557497785,10.895859524490506,10.183529411764708,4.645474892131149,0.5593126881001177,0,13,43.93008103934686,51.46518602047724,51.46518602047724,visitante,0.0,4.771428571428571,0,11.2,3.333333333333333,11.2,0,0,0.3333333333333333
2864,17,125992,Diogo Oliveira,Coritiba,ATA,3.92,8.8,1.58,60.21666666666667,5.5555555555555545,25.793996761738697,9.676250584385228,7.87,10.438460838715553,1.9816326530612247,0,10,17.80389281930546,30.16898230099481,17.80389281930546,mandante,5.6375,0.0,0,7.4,8.8,7.4,0,0,0.3333333333333333
3794,17,62977,Ganso,Fluminense,MEI,10.97,1.4,-0.33,29.411764705882355,3.431372549019608,32.394158300586426,10.895859524490506,3.927058823529411,6.187222211344546,0.3309718875190227,0,7,31.387610482088785,30.16898230099481,31.387610482088785,mandante,4.0777777777777775,0.0,0,1.325,3.0,1.325,0,0,0.3333333333333333
3798,17,81091,Jair,Vasco,MEI,8.639999999999999,1.2,-0.28,11.764705882352944,2.310924369747899,33.28920930284037,10.895859524490506,3.050625,8.429754514881703,0.4014182990029342,0,1,18.328328312270585,30.16898230099481,18.328328312270585,mandante,4.542857142857144,0.0,0,4.166666666666667,1.2,4.166666666666667,0,0,0.3333333333333333
2868,17,91908,Pavón,Atlético-MG,ATA,8.620000000000001,7.4,0.78,20.991764705882357,4.411764705882354,34.024576966523234,10.895859524490506,12.57941176470588,8.565492091761017,0.7229301270053043,0,2,43.93008103934686,20.68600323441277,20.68600323441277,visitante,0.0,4.384920634920634,0,6.7,2.6333333333333333,6.7,0,0,0.3333333333333333
2925,17,73479,Jean Dias,Internacional,ATA,3.41,0.0,0.0,11.23,1.6806722689075628,27.91206491013273,10.895859524490506,5.588235294117646,2.4667430182362797,0.4780082596595279,0,3,34.96114698259281,30.16898230099481,34.96114698259281,mandante,3.2263888888888888,0.0,0,0.5,4.033333333333334,0.5,0,0,0.3333333333333333
2854,17,69138,Pablo,Athletico-PR,ATA,9.8,14.4,2.4,13.52,8.235294117647058,32.67062108402544,10.895859524490506,5.707058823529412,5.069392503947478,0.33740825995713714,0,8,43.93008103934686,45.517941785667155,45.517941785667155,visitante,0.0,2.3711111111111114,0,7.45,0.0,7.45,0,0,0.3333333333333333
2852,17,105811,Wesley,Cruzeiro,ATA,8.370000000000001,17.3,2.12,16.095882352941178,7.450980392156862,33.57922910354773,10.895859524490506,12.462352941176471,8.301543878912941,0.7582136795091746,0,6,17.572699629610252,30.16898230099481,17.572699629610252,mandante,3.54375,0.0,0,4.225,8.366666666666667,4.225,0,0,0.3333333333333333
2882,17,71844,Thiago Galhardo,Fortaleza,ATA,6.18,3.1,0.4,9.821176470588236,6.764705882352941,29.705376281060147,10.895859524490506,11.800588235294116,4.05746698132737,0.3507256674262682,0,3,43.93008103934686,37.34678879993507,37.34678879993507,visitante,0.0,3.2,0,2.5,2.4,2.5,0,0,0.3333333333333333
2886,17,98909,Cuello,Athletico-PR,ATA,3.69,2.7,0.35,0.0,0.0,31.92887623230737,10.895859524490506,5.051176470588235,2.6685873108211684,0.4760146269911473,0,8,43.93008103934686,45.517941785667155,45.517941785667155,visitante,0.0,2.9027777777777777,0,1.6,2.933333333333333,1.6,0,0,0.3333333333333333
3803,17,99214,Rodrigo Fernández,Santos,MEI,4.86,1.1,-0.21,5.882352941176472,0.8403361344537814,31.307890096057267,10.895859524490506,5.618823529411764,3.3664670149951155,0.4167490985442108,0,4,30.353273442413386,30.16898230099481,30.353273442413386,mandante,3.0625,0.0,0,3.325,0.10000000000000003,3.325,0,0,0.3333333333333333
2985,17,87258,Soteldo,Santos,ATA,9.24,0.0,0.0,11.764705882352944,0.0,32.500958942410605,10.895859524490506,6.591176470588236,4.109850898432522,0.2608349847970717,0,4,30.353273442413386,30.16898230099481,30.353273442413386,mandante,4.7375,0.0,0,4.85,0.0,4.85,0,0,0.3333333333333333
3783,17,69325,Aránguiz,Internacional,MEI,7.33,1.7,-0.14,0.0,0.0,29.43437772890721,10.895859524490506,0.9805882352941178,0.7598449475817108,0.05162355556189056,0,3,34.96114698259281,30.16898230099481,34.96114698259281,mandante,2.838888888888889,0.0,0,1.6,1.05,1.6,0,0,0.3333333333333333
2982,17,115915,Lelê,Fluminense,ATA,10.39,0.0,0.0,12.481764705882355,7.84313725490196,26.613627843928427,10.895859524490506,17.154705882352946,5.717306600356352,0.41145431347912376,0,7,31.387610482088785,30.16898230099481,31.387610482088785,mandante,3.3090277777777777,0.0,0,5.699999999999998,3.0,5.699999999999998,0,0,0.3333333333333333
2928,17,73850,Aloísio,América-MG,ATA,7.85,0.0,0.0,14.083529411764705,6.372549019607844,23.30850499566893,10.895859524490506,18.86625,7.90924573506913,0.4803052834272129,0,3,43.93008103934686,26.068996181365318,26.068996181365318,visitante,0.0,3.7104166666666663,0,-0.9,1.5,-0.9,0,0,0.3333333333333333
1912,17,115246,Naves,Palmeiras,ZAG,1.81,0.0,0.0,0.0,0.0,30.054056487081358,11.193747910614187,0.0,1.2905506938919826,0.6214721355317504,0,9,43.93008103934686,39.84300076271127,39.84300076271127,visitante,0.0,4.655555555555555,0,0.0,3.1,0.0,0,0,0.0
1911,17,102340,Cacá,Athletico-PR,ZAG,3.0,0.0,0.0,0.0,0.0,27.188940092165893,10.764375876577839,0.0,0.0,0.0,0,8,43.93008103934686,45.517941785667155,45.517941785667155,visitante,0.0,0.0,0,0.0,0.0,0.0,0,0,0.0
1910,17,123725,Arthur Zanella,Athletico-PR,ZAG,1.0,0.0,0.0,0.0,0.0,28.20630427076686,11.363653656781285,0.0,0.0,0.0,0,8,43.93008103934686,45.517941785667155,45.517941785667155,visitante,0.0,0.0,0,0.0,0.0,0.0,0,0,0.0
1931,17,101728,Diego Costa,São Paulo,ZAG,4.03,0.0,0.0,0.0,0.0,28.554491182512127,11.305927397793678,1.8382352941176472,1.4258970056162883,0.18928929647963005,0,8,49.10198009508934,30.16898230099481,49.10198009508934,mandante,2.4944444444444445,0.0,0,0.9,3.4000000000000004,0.9,0,0,0.0
1907,17,124758,Gustavo Henrique,Bragantino,ZAG,1.0,0.0,0.0,0.0,0.0,28.20630427076686,11.363653656781285,0.0,0.0,0.0,0,8,43.93008103934686,59.926175380021455,59.926175380021455,visitante,0.0,0.0,0,0.0,0.0,0.0,0,0,0.0
1941,17,92291,Bruno Viana,Coritiba,ZAG,2.27,0.0,0.0,0.0,0.0,30.337285079660305,10.895859524490506,1.0082352941176471,1.148458109706177,0.22772782814654524,0,10,17.80389281930546,30.16898230099481,17.80389281930546,mandante,2.4625,0.0,0,-0.5,1.4,-0.5,0,0,0.0
1909,17,91866,Zé Ivaldo,Athletico-PR,ZAG,5.16,0.0,0.0,0.0,0.0,30.718865835633412,11.710550970111749,1.2929411764705885,3.0933451526819766,0.4595272104243258,0,8,43.93008103934686,45.517941785667155,45.517941785667155,visitante,0.0,2.141111111111111,0,5.433333333333334,1.35,5.433333333333334,0,0,0.0
1908,17,122755,Lucas Cunha,Bragantino,ZAG,4.0,0.0,0.0,0.0,0.0,28.542383810347825,10.895859524490506,0.0,0.0,0.0,0,8,43.93008103934686,59.926175380021455,59.926175380021455,visitante,0.0,0.0,0,0.0,0.0,0.0,0,0,0.0
1913,17,87225,Pedro Henrique,Athletico-PR,ZAG,8.95,0.0,0.0,5.882352941176472,1.96078431372549,29.64701979331845,11.557562355310989,3.3511764705882348,3.7212480493457814,0.3050903972388874,0,8,43.93008103934686,45.517941785667155,45.517941785667155,visitante,0.0,2.736111111111111,0,3.0,0.55,3.0,0,0,0.0
2935,17,117403,Renato Marques,América-MG,ATA,2.12,0.0,0.0,14.323846153846151,1.9230769230769231,26.95774478617343,11.169513738206703,2.1166666666666667,2.396976634196274,0.9257020386748256,0,3,43.93008103934686,26.068996181365318,26.068996181365318,visitante,0.0,1.19375,0,0.0,0.0,0.0,0,0,0.0
1905,17,124340,Allyson,Cuiabá,ZAG,4.29,0.0,0.0,0.0,0.0,30.82831130806389,11.2810863803056,0.7352941176470589,1.8860108145822432,0.2549026457697699,0,13,32.09900028725026,30.16898230099481,32.09900028725026,mandante,2.3916666666666666,0.0,0,5.0,0.0,5.0,0,0,0.0
1903,17,122419,Felipe,Internacional,ZAG,1.0,0.0,0.0,0.0,0.0,27.839905898996605,11.579473216390596,0.0,0.0,0.0,0,3,34.96114698259281,30.16898230099481,34.96114698259281,mandante,0.0,0.0,0,0.0,0.0,0.0,0,0,0.0
2926,17,108352,Gabriel Barros,Internacional,ATA,2.08,0.0,0.0,0.0,0.0,28.1628771689816,10.895859524490506,0.0,-0.14315919302264118,-0.01911764705882353,0,3,34.96114698259281,30.16898230099481,34.96114698259281,mandante,1.3888888888888893,0.0,0,0.0,0.0,0.0,0,0,0.0
1939,17,122441,Kayky Almeida,Fluminense,ZAG,1.0,0.0,0.0,0.0,0.0,28.52693469784355,10.961557483997877,0.0,0.0,0.0,0,7,31.387610482088785,30.16898230099481,31.387610482088785,mandante,0.0,0.0,0,0.0,0.0,0.0,0,0,0.0
1914,17,121779,Vitão,Cuiabá,ZAG,1.32,0.0,0.0,0.0,0.0,28.542383810347825,10.895859524490506,0.0,0.0,0.0,0,13,32.09900028725026,30.16898230099481,32.09900028725026,mandante,1.3333333333333333,0.0,0,0.0,0.0,0.0,0,0,0.0
1938,17,79035,Luiz Felipe,Santos,ZAG,2.16,0.0,0.0,0.0,0.0,28.542383810347825,10.895859524490506,0.0,0.0,0.0,0,4,30.353273442413386,30.16898230099481,30.353273442413386,mandante,3.025,0.0,0,0.0,0.0,0.0,0,0,0.0
1930,17,115268,Rômulo,Atlético-MG,ZAG,1.0,0.0,0.0,0.0,0.0,27.188940092165893,10.764375876577839,0.0,0.0,0.0,0,2,43.93008103934686,20.68600323441277,20.68600323441277,visitante,0.0,0.0,0,0.0,0.0,0.0,0,0,0.0
1934,17,122602,Matheus Belém,São Paulo,ZAG,1.86,0.0,0.0,0.0,0.0,29.63170842908421,11.12210386838191,0.0,0.6013987370626522,0.3647058823529412,0,8,49.10198009508934,30.16898230099481,49.10198009508934,mandante,0.0,0.0,0,0.0,0.0,0.0,0,0,0.0
2927,17,123359,Cadu,Atlético-MG,ATA,0.95,0.0,0.0,0.0,0.0,29.093854398583122,10.895859524490506,0.0,0.1272102785905101,0.07058823529411765,0,2,43.93008103934686,20.68600323441277,20.68600323441277,visitante,0.0,0.0,0,0.0,0.0,0.0,0,0,0.0
1936,17,104401,Vitor Mendes,Fluminense,ZAG,6.66,0.0,0.0,0.0,0.0,28.52835594164868,11.236442407767887,0.5882352941176471,0.9692009476631488,0.15374855824682818,0,7,31.387610482088785,30.16898230099481,31.387610482088785,mandante,4.277777777777779,0.0,0,0.0,0.0,0.0,0,0,0.0
1937,17,87402,Messias,Santos,ZAG,6.79,0.0,0.0,0.0,0.0,35.267696204831765,11.704123666317821,2.5558823529411767,5.2249267235886325,0.4510755388456649,0,4,30.353273442413386,30.16898230099481,30.353273442413386,mandante,3.3291666666666666,0.0,0,2.425,-1.1,2.425,0,0,0.0
2929,17,38279,Wellington Paulista,América-MG,ATA,3.4,0.0,0.0,4.524705882352942,4.411764705882354,27.79068353591757,10.895859524490506,3.87625,1.3999942268279306,0.13786134024703772,0,3,43.93008103934686,26.068996181365318,26.068996181365318,visitante,0.0,2.6875,0,0.8,0.0,0.8,0,0,0.0
1927,17,100453,Segovia,Botafogo,ZAG,2.04,0.0,0.0,0.0,0.0,28.677312399524165,11.108100744771164,0.0,-0.0653750605680708,-0.015479876160990712,0,13,43.93008103934686,51.46518602047724,51.46518602047724,visitante,0.0,2.85,0,0.0,0.0,0.0,0,0,0.0
1926,17,115537,Marcos Victor,Bahia,ZAG,4.0,0.0,0.0,0.0,0.0,28.542383810347825,10.895859524490506,0.0,0.0,0.0,0,3,48.4489626742781,30.16898230099481,48.4489626742781,mandante,0.0,0.0,0,0.0,0.0,0.0,0,0,0.0
1925,17,98484,Kanu,Bahia,ZAG,6.0,0.0,0.0,0.0,0.0,34.536086344631784,11.548050072316727,1.9276470588235293,4.744609142370996,0.5287569746615655,0,3,48.4489626742781,30.16898230099481,48.4489626742781,mandante,2.8291666666666666,0.0,0,4.8,4.1,4.8,0,0,0.0
1924,17,79334,Ricardo Silva,América-MG,ZAG,2.01,0.0,0.0,0.0,0.0,29.14126220215791,10.895859524490506,0.0,0.7505123690211585,0.14053853138083508,0,3,43.93008103934686,26.068996181365318,26.068996181365318,visitante,0.0,2.16875,0,0.0,0.0,0.0,0,0,0.0
2934,17,103014,Laquintana,Bragantino,ATA,3.67,0.0,0.0,0.0,0.0,28.05140840587761,10.895859524490506,1.0694117647058825,0.2982200523163177,0.06809096519963917,0,8,43.93008103934686,59.926175380021455,59.926175380021455,visitante,0.0,2.51875,0,0.0,0.0,0.0,0,0,0.0
1923,17,95878,Tobias Figueiredo,Fortaleza,ZAG,5.0,0.0,0.0,0.0,0.0,25.333167268651138,9.676250584385228,0.0,0.0,0.0,0,3,43.93008103934686,37.34678879993507,37.34678879993507,visitante,0.0,0.0,0,0.0,0.0,0.0,0,0,0.0
2930,17,102598,Helinho,Bragantino,ATA,6.02,0.0,0.0,5.471764705882354,1.4705882352941178,32.11555295277693,10.895859524490506,7.410588235294119,3.288941148402817,0.5916262294958672,0,8,43.93008103934686,59.926175380021455,59.926175380021455,visitante,0.0,3.24375,0,0.0,0.0,0.0,0,0,0.0
2931,17,121752,Pablo,Cuiabá,ATA,1.0,0.0,0.0,0.0,0.0,27.792492953783285,6.5749811198619055,0.0,0.0,0.0,0,13,32.09900028725026,30.16898230099481,32.09900028725026,mandante,0.0,0.0,0,0.0,0.0,0.0,0,0,0.0
1920,17,86143,Wanderson,América-MG,ZAG,2.82,0.0,0.0,0.0,0.0,26.687064419084038,11.054842036414197,0.78125,1.1690673440521888,0.16387730878517792,0,3,43.93008103934686,26.068996181365318,26.068996181365318,visitante,0.0,1.49375,0,2.3,-0.15,2.3,0,0,0.0
1919,17,103684,Kaíque Rocha,Athletico-PR,ZAG,4.13,0.0,0.0,0.0,0.0,29.983103467386268,11.08561284517362,1.4705882352941178,0.8864511482312529,0.15822408142142488,0,8,43.93008103934686,45.517941785667155,45.517941785667155,visitante,0.0,0.0,0,0.0,0.0,0.0,0,0,0.0
1918,17,106299,Realpe,Bragantino,ZAG,1.85,0.0,0.0,0.0,0.0,28.679807164347373,11.214756313975531,0.0,0.9969070320288336,0.44109087336531455,0,8,43.93008103934686,59.926175380021455,59.926175380021455,visitante,0.0,2.752083333333333,0,0.0,0.0,0.0,0,0,0.0
1932,17,105300,Ferraresi,São Paulo,ZAG,6.0,0.0,0.0,0.0,0.0,28.542383810347825,10.895859524490506,0.0,0.0,0.0,0,8,49.10198009508934,30.16898230099481,49.10198009508934,mandante,0.0,0.0,0,0.0,0.0,0.0,0,0,0.0
2932,17,124247,Isaac,Atlético-MG,ATA,1.1,0.0,0.0,0.0,0.0,28.19636304910215,10.895859524490506,0.0,-0.031802569647627524,-0.008823529411764706,0,2,43.93008103934686,20.68600323441277,20.68600323441277,visitante,0.0,4.055555555555555,0,0.0,0.0,0.0,0,0,0.0
2933,17,108133,Isidro Pitta,Cuiabá,ATA,4.23,0.0,-1.33,5.3476470588235285,1.96078431372549,25.714089696850237,10.895859524490506,3.4252941176470597,1.6570730856445142,0.3021203433569684,0,13,32.09900028725026,30.16898230099481,32.09900028725026,mandante,1.7666666666666666,0.0,0,3.566666666666667,0.3333333333333333,3.566666666666667,0,0,0.0
1929,17,126013,Ythallo,São Paulo,ZAG,1.0,0.0,0.0,0.0,0.0,25.333167268651138,9.676250584385228,0.0,0.0,0.0,0,8,49.10198009508934,30.16898230099481,49.10198009508934,mandante,0.0,0.0,0,0.0,0.0,0.0,0,0,0.0
3805,17,87009,Nathan,Grêmio,MEI,4.8,1.1,-0.13,5.882352941176472,0.0,30.55971750588222,10.895859524490506,3.955625,2.44362646540258,0.2703047257022941,0,8,43.93008103934686,58.22074717959054,58.22074717959054,visitante,0.0,4.27625,0,3.5333333333333337,1.1,3.5333333333333337,0,0,0.0
1901,17,106977,Bernardo Schappo,Fortaleza,ZAG,4.0,0.0,0.0,0.0,0.0,28.542383810347825,10.895859524490506,0.0,0.0,0.0,0,3,43.93008103934686,37.34678879993507,37.34678879993507,visitante,0.0,0.0,0,0.0,0.0,0.0,0,0,0.0
1947,17,92855,Palacios,Cruzeiro,LAT,4.18,-0.4,-0.94,0.0,0.0,28.457835715900234,8.693013725071431,0.0,1.1954006823520182,0.1863294600136705,0,6,17.572699629610252,30.16898230099481,17.572699629610252,mandante,3.55,0.0,0,5.6,-0.4,5.6,0,0,0.0
2963,17,92811,Bruno Rodrigues,Cruzeiro,ATA,12.8,0.0,0.0,20.608235294117645,16.470588235294116,33.57693366148791,10.895859524490506,19.181176470588237,9.002016224454056,0.5557361995753289,0,6,17.572699629610252,30.16898230099481,17.572699629610252,mandante,3.0,0.0,0,4.05,2.25,4.05,0,0,0.0
2964,17,110667,Machuca,Fortaleza,ATA,4.0,0.0,-1.12,0.0,0.0,28.57142857142857,2.1739130434782608,0.0,0.0,0.0,0,3,43.93008103934686,37.34678879993507,37.34678879993507,visitante,0.0,5.125,0,0.0,0.0,0.0,0,0,0.0
2965,17,81905,Henrique Dourado,Cruzeiro,ATA,4.33,0.0,0.0,5.882352941176472,0.980392156862745,25.930318221457263,10.895859524490506,4.860588235294117,1.9594293990136589,0.2746256632131839,0,6,17.572699629610252,30.16898230099481,17.572699629610252,mandante,1.164285714285714,0.0,0,0.5,-0.3,0.5,0,0,0.0
2966,17,115959,Endrick,Palmeiras,ATA,6.94,0.0,0.0,20.732352941176465,10.294117647058822,22.768949074417282,10.895859524490506,6.576470588235292,3.3059312295589143,0.3171127758138139,0,9,43.93008103934686,39.84300076271127,39.84300076271127,visitante,0.0,3.8284722222222234,0,-0.15,3.4,-0.15,0,0,0.0
2968,17,124250,Pedro Ataíde,Atlético-MG,ATA,1.0,0.0,0.0,0.0,0.0,28.542383810347825,10.895859524490506,0.0,0.0,0.0,0,2,43.93008103934686,20.68600323441277,20.68600323441277,visitante,0.0,0.0,0,0.0,0.0,0.0,0,0,0.0
2969,17,122301,Kennedy,Bahia,ATA,1.0,0.0,0.0,0.0,0.0,28.542383810347825,10.895859524490506,0.0,0.0,0.0,0,3,48.4489626742781,30.16898230099481,48.4489626742781,mandante,0.0,0.0,0,0.0,0.0,0.0,0,0,0.0
2970,17,111829,Kayky,Bahia,ATA,3.55,0.0,0.0,15.855294117647054,4.411764705882354,30.893465332321853,10.895859524490506,6.502941176470588,3.850223051165429,0.6922329170233649,0,3,48.4489626742781,30.16898230099481,48.4489626742781,mandante,3.3041666666666663,0.0,0,5.949999999999998,4.3,5.949999999999998,0,0,0.0
2971,17,116690,Everton,Bahia,ATA,2.0,0.0,0.0,0.0,0.0,28.542383810347825,10.895859524490506,0.0,0.0,0.0,0,3,48.4489626742781,30.16898230099481,48.4489626742781,mandante,0.0,0.0,0,0.0,0.0,0.0,0,0,0.0
2972,17,109114,Matheus Nascimento,Botafogo,ATA,3.72,0.0,0.0,5.882352941176472,0.980392156862745,27.60286894648026,10.895859524490506,0.6770588235294117,0.7921919104130931,0.15008786274916885,0,13,43.93008103934686,51.46518602047724,51.46518602047724,visitante,0.0,3.5,0,0.0,0.0,0.0,0,0,0.0
1858,17,112136,Lucas Beraldo,São Paulo,ZAG,6.79,7.9,0.53,5.882352941176472,1.1764705882352942,36.56958231198254,11.368288844635188,2.7170588235294115,4.7917899372411314,0.5246156828110775,0,8,49.10198009508934,30.16898230099481,49.10198009508934,mandante,4.9444444444444455,0.0,0,4.55,3.6,4.55,0,0,0.0
1948,17,113384,Diogo Batista,Coritiba,LAT,2.24,-0.6,-0.9,5.882352941176472,0.0,27.83291858475357,11.232671668703034,1.0247058823529414,1.9330483034658423,0.7348803938753415,0,10,17.80389281930546,30.16898230099481,17.80389281930546,mandante,4.5125,0.0,0,5.15,2.233333333333334,5.15,0,0,0.0
1946,17,107554,Natanael,Coritiba,LAT,10.61,-0.4,-1.4,0.0,0.0,41.62297644811136,11.379730492232444,5.253529411764705,8.039206767943236,0.5091951244609506,0,10,17.80389281930546,30.16898230099481,17.80389281930546,mandante,5.4660714285714285,0.0,0,6.65,3.7,6.65,0,0,0.0
2962,17,61188,Gilberto,Cruzeiro,ATA,8.5,0.0,0.0,14.005882352941176,7.352941176470589,27.52624246153677,10.895859524490506,13.1,5.263008434065672,0.4202634477256693,0,6,17.572699629610252,30.16898230099481,17.572699629610252,mandante,1.6833333333333331,0.0,0,1.325,0.5,1.325,0,0,0.0
2980,17,115227,Caio,São Paulo,ATA,3.0,0.0,0.0,0.0,0.0,28.542383810347825,10.895859524490506,0.0,0.0,0.0,0,8,49.10198009508934,30.16898230099481,49.10198009508934,mandante,0.0,0.0,0,0.0,0.0,0.0,0,0,0.0
2983,17,124821,Kauã Elias,Fluminense,ATA,1.0,0.0,0.0,0.0,0.0,28.52693469784355,10.961557483997877,0.0,0.0,0.0,0,7,31.387610482088785,30.16898230099481,31.387610482088785,mandante,0.0,0.0,0,0.0,0.0,0.0,0,0,0.0
1942,17,125000,Wesley Costa,Grêmio,LAT,1.0,0.0,0.0,0.0,0.0,29.31954181258964,8.856387009437501,0.0,0.0,0.0,0,8,43.93008103934686,58.22074717959054,58.22074717959054,visitante,0.0,0.0,0,0.0,0.0,0.0,0,0,0.0
1941,17,123717,Zé Guilherme,Grêmio,LAT,1.0,0.0,0.0,0.0,0.0,28.542383810347825,10.895859524490506,0.0,0.0,0.0,0,8,43.93008103934686,58.22074717959054,58.22074717959054,visitante,0.0,0.0,0,0.0,0.0,0.0,0,0,0.0
1940,17,95220,Jefferson,Vasco,LAT,4.0,0.0,0.0,0.0,0.0,28.57142857142857,2.1739130434782608,0.0,0.0,0.0,0,1,18.328328312270585,30.16898230099481,18.328328312270585,mandante,0.0,0.0,0,0.0,0.0,0.0,0,0,0.0
1939,17,121766,Paulinho Silva,Vasco,LAT,1.0,0.0,0.0,0.0,0.0,28.542383810347825,10.895859524490506,0.0,0.0,0.0,0,1,18.328328312270585,30.16898230099481,18.328328312270585,mandante,0.0,0.0,0,0.0,0.0,0.0,0,0,0.0
1938,17,93236,Rafael Ramos,Corinthians,LAT,4.0,0.0,0.0,0.0,0.0,28.542383810347825,10.895859524490506,0.0,0.0,0.0,0,8,43.93008103934686,26.88642657966906,26.88642657966906,visitante,0.0,0.0,0,0.0,0.0,0.0,0,0,0.0
1937,17,117459,Léo Maná,Corinthians,LAT,2.0,0.0,0.0,0.0,0.0,27.847596219199577,12.063420651643069,0.0,0.0,0.0,0,8,43.93008103934686,26.88642657966906,26.88642657966906,visitante,0.0,0.0,0,0.0,0.0,0.0,0,0,0.0
1936,17,111819,Thomas Luciano,Grêmio,LAT,5.46,0.0,0.0,0.0,0.0,30.058815810092696,11.183487992693534,3.125,2.1652386402301342,0.565081370504444,0,8,43.93008103934686,58.22074717959054,58.22074717959054,visitante,0.0,4.05625,0,0.0,0.0,0.0,0,0,0.0
1935,17,118501,Zé Welinton,Flamengo,LAT,1.0,0.0,0.0,0.0,0.0,28.542383810347825,10.895859524490506,0.0,0.0,0.0,0,9,43.93008103934686,41.30859449800376,41.30859449800376,visitante,0.0,0.0,0,0.0,0.0,0.0,0,0,0.0
1934,17,84816,Varela,Flamengo,LAT,4.61,0.0,0.0,0.0,0.0,28.745223566940112,11.042918348019919,0.0,0.4910256297842116,0.06588235294117646,0,9,43.93008103934686,41.30859449800376,41.30859449800376,visitante,0.0,3.5,0,0.0,0.0,0.0,0,0,0.0
1868,17,50317,David Braz,Fluminense,ZAG,5.99,5.0,0.05,0.0,0.0,28.770725926927934,11.721433103848364,0.6917647058823531,2.780334031680144,0.2910445459116551,0,7,31.387610482088785,30.16898230099481,31.387610482088785,mandante,3.4027777777777777,0.0,0,3.625,0.0,3.625,0,0,0.0
1871,17,80538,Marlon,Fluminense,ZAG,7.0,3.9,-0.83,0.0,0.0,21.761738697222572,10.400888265544648,0.0,2.1635697922581403,0.18571428571428567,0,7,31.387610482088785,30.16898230099481,31.387610482088785,mandante,3.7277777777777783,0.0,0,3.9,0.0,3.9,0,0,0.0
1900,17,94836,Burgos,América-MG,ZAG,3.0,0.0,0.0,0.0,0.0,28.57142857142857,2.1739130434782608,0.0,0.0,0.0,0,3,43.93008103934686,26.068996181365318,26.068996181365318,visitante,0.0,0.0,0,0.0,0.0,0.0,0,0,0.0
2949,17,104420,Reinaldo,Athletico-PR,ATA,2.39,0.0,0.0,0.0,0.0,28.888404571593494,10.895859524490506,0.7352941176470589,0.15697572416595104,0.05,0,8,43.93008103934686,45.517941785667155,45.517941785667155,visitante,0.0,3.2222222222222223,0,0.0,0.0,0.0,0,0,0.0
1899,17,117336,Cipriano,Bragantino,ZAG,2.0,0.0,0.0,0.0,0.0,25.333167268651138,9.676250584385228,0.0,0.0,0.0,0,8,43.93008103934686,59.926175380021455,59.926175380021455,visitante,0.0,0.0,0,0.0,0.0,0.0,0,0,0.0
2939,17,125050,Robert,Cruzeiro,ATA,1.1,0.0,0.0,0.0,0.0,27.467689960737786,8.856387009437501,4.28625,0.3419535605766591,0.3097222222222222,0,6,17.572699629610252,30.16898230099481,17.572699629610252,mandante,1.75,0.0,0,2.0,-0.3,2.0,0,0,0.0
2940,17,124699,Arielson,Cruzeiro,ATA,1.0,0.0,0.0,0.0,0.0,28.17976425416064,11.169513738206703,0.0,0.0,0.0,0,6,17.572699629610252,30.16898230099481,17.572699629610252,mandante,0.0,0.0,0,0.0,0.0,0.0,0,0,0.0
1896,17,69165,Pablo,Flamengo,ZAG,4.36,0.2,-0.63,0.0,0.0,27.645268207349872,11.042918348019919,0.0,0.4033424816084596,0.054463032919589864,0,9,43.93008103934686,41.30859449800376,41.30859449800376,visitante,0.0,0.0,0,0.0,0.0,0.0,0,0,0.0
2941,17,69022,Marcelo Cirino,Athletico-PR,ATA,3.57,0.0,0.0,0.0,0.0,28.760248734095107,10.895859524490506,0.7352941176470589,0.11080639352890663,0.020884093282283328,0,8,43.93008103934686,45.517941785667155,45.517941785667155,visitante,0.0,1.9111111111111112,0,0.0,0.6,0.0,0,0,0.0
1894,17,95638,Marcelo Benevenuto,Fortaleza,ZAG,4.619999999999999,0.5,0.19,0.0,0.0,26.001892655055908,11.12210386838191,0.36764705882352944,0.4243779240674037,0.056456059137379826,0,3,43.93008103934686,37.34678879993507,37.34678879993507,visitante,0.0,2.1625,0,1.4249999999999998,-0.8,1.4249999999999998,0,0,0.0
1891,17,50856,Henrique,Coritiba,ZAG,3.64,0.9,-0.74,0.0,0.0,29.48950233252572,11.232671668703034,0.7352941176470589,1.6601473665059585,0.3289155364273455,0,10,17.80389281930546,30.16898230099481,17.80389281930546,mandante,3.0175,0.0,0,2.9,0.45,2.9,0,0,0.0
1942,17,111713,Lucas Mezenga,Botafogo,ZAG,2.0,0.0,0.0,0.0,0.0,28.542383810347825,10.895859524490506,0.0,0.0,0.0,0,13,43.93008103934686,51.46518602047724,51.46518602047724,visitante,0.0,0.0,0,0.0,0.0,0.0,0,0,0.0
2944,17,79188,Silvio Romero,Fortaleza,ATA,4.42,0.0,0.0,17.647058823529417,2.647058823529412,27.21809110308827,10.895859524490506,2.4576470588235293,2.5462675444044214,0.3444731500350258,0,3,43.93008103934686,37.34678879993507,37.34678879993507,visitante,0.0,3.5875,0,3.0,-0.8,3.0,0,0,0.0
2946,17,99588,Paulo Vitor,Cruzeiro,ATA,2.67,0.0,0.0,0.0,0.0,29.752563623531362,8.218726399827382,3.5725,1.3678142423066364,0.3224363141114929,0,6,17.572699629610252,30.16898230099481,17.572699629610252,mandante,1.3,0.0,0,1.1,1.2,1.1,0,0,0.0
2947,17,107197,Rômulo,Athletico-PR,ATA,1.58,0.0,0.0,0.0,0.0,28.19636304910215,10.895859524490506,0.6535294117647058,0.19391118867558665,0.04479804681043071,0,8,43.93008103934686,45.517941785667155,45.517941785667155,visitante,0.0,1.9361111111111111,0,0.0,0.0,0.0,0,0,0.0
1885,17,101720,Miranda,Vasco,ZAG,2.32,1.5,0.31,0.0,0.0,29.911672828928054,10.895859524490506,1.91,1.4222432924932222,0.23365634914485225,0,1,18.328328312270585,30.16898230099481,18.328328312270585,mandante,3.2880952380952384,0.0,0,0.4,1.5,0.4,0,0,0.0
1872,17,101600,Alex,Santos,ZAG,2.14,3.6,0.62,0.0,0.0,30.62289343355195,10.895859524490506,0.0,0.37169194171870346,0.0969946857247572,0,4,30.353273442413386,30.16898230099481,30.353273442413386,mandante,1.4625,0.0,0,-0.1,3.6,-0.1,0,0,0.0
2950,17,115273,Emersonn,Athletico-PR,ATA,1.0,0.0,0.0,0.0,0.0,27.333208784821693,8.218726399827382,0.0,0.0,0.0,0,8,43.93008103934686,45.517941785667155,45.517941785667155,visitante,0.0,0.0,0,0.0,0.0,0.0,0,0,0.0
2951,17,113663,Kevin,Palmeiras,ATA,1.0,0.0,0.0,0.0,0.0,28.542383810347825,10.895859524490506,0.0,0.0,0.0,0,9,43.93008103934686,39.84300076271127,39.84300076271127,visitante,0.0,0.0,0,0.0,0.0,0.0,0,0,0.0
1882,17,89493,Igor Rabello,Atlético-MG,ZAG,3.81,1.8,0.18,0.0,0.0,30.839571211899553,11.042918348019919,0.0,1.1766950769622186,0.17791528012702634,0,2,43.93008103934686,20.68600323441277,20.68600323441277,visitante,0.0,3.577777777777777,0,1.8,3.1,1.8,0,0,0.0
1881,17,102310,Matheus Felipe,Athletico-PR,ZAG,2.32,1.8,0.21,0.0,0.0,28.7846581394343,11.079683053902274,1.2929411764705885,0.7848786208297552,0.1792278868133283,0,8,43.93008103934686,45.517941785667155,45.517941785667155,visitante,0.0,2.4486111111111106,0,1.8,0.0,1.8,0,0,0.0
1880,17,89226,Iago Maidana,América-MG,ZAG,1.98,1.8,0.23,0.0,0.0,27.234531966760393,10.895859524490506,4.409375,1.5443235285627688,0.3536555305974783,0,3,43.93008103934686,26.068996181365318,26.068996181365318,visitante,0.0,1.7294642857142857,0,1.35,1.375,1.35,0,0,0.0
2952,17,111633,Juan Christian,Cruzeiro,ATA,1.0,0.0,0.0,0.0,0.0,28.542383810347825,10.895859524490506,0.0,0.0,0.0,0,6,17.572699629610252,30.16898230099481,17.572699629610252,mandante,0.0,0.0,0,0.0,0.0,0.0,0,0,0.0
2954,17,42116,Willian,Athletico-PR,ATA,4.85,0.0,0.0,11.764705882352944,1.96078431372549,28.10665396285327,10.895859524490506,2.1088235294117648,1.5974588400417369,0.1684270553379909,0,8,43.93008103934686,45.517941785667155,45.517941785667155,visitante,0.0,2.5411111111111118,0,0.0,0.0,0.0,0,0,0.0
2955,17,122420,Lucca,Internacional,ATA,1.18,0.0,0.0,0.0,0.0,29.608363284631807,10.895859524490506,2.8105882352941176,0.8479429125187209,0.3772801537873274,0,3,34.96114698259281,30.16898230099481,34.96114698259281,mandante,2.580555555555556,0.0,0,1.75,1.0,1.75,0,0,0.0
2958,17,84523,Romarinho,Fortaleza,ATA,2.6,0.0,0.0,0.0,0.0,28.2622717655299,10.895859524490506,2.2658823529411767,0.6934956320125865,0.10631797564536916,0,3,43.93008103934686,37.34678879993507,37.34678879993507,visitante,0.0,3.0053571428571435,0,0.0,0.0,0.0,0,0,0.0
2959,17,115998,Adyson,América-MG,ATA,2.43,0.0,0.0,0.0,0.0,29.669289262512798,10.895859524490506,0.0,0.476286695724966,0.10196602705253224,0,3,43.93008103934686,26.068996181365318,26.068996181365318,visitante,0.0,2.54375,0,0.0,0.0,0.0,0,0,0.0
2960,17,121263,Gabryel Freitas,Cuiabá,ATA,2.0,0.0,0.0,0.0,0.0,28.542383810347825,10.895859524490506,0.0,0.0,0.0,0,13,32.09900028725026,30.16898230099481,32.09900028725026,mandante,0.0,0.0,0,0.0,0.0,0.0,0,0,0.0
1890,17,112913,Capasso,Vasco,ZAG,2.25,0.9,0.22,0.0,0.0,30.62193610168869,10.895859524490506,0.520625,0.6814915776530024,0.10636495003253373,0,1,18.328328312270585,30.16898230099481,18.328328312270585,mandante,2.021428571428572,0.0,0,-1.4,0.9,-1.4,0,0,0.0
1959,17,87853,Mauricio Lemos,Atlético-MG,ZAG,9.64,0.0,0.0,5.115294117647059,3.92156862745098,36.60271068627287,11.244595357097307,4.0052941176470584,4.176737480388415,0.2801443456635991,0,2,43.93008103934686,20.68600323441277,20.68600323441277,visitante,0.0,3.327777777777777,0,5.85,3.1,5.85,0,0,0.0
1943,17,112367,Thalisson Gabriel,Coritiba,ZAG,1.0,0.0,0.0,0.0,0.0,28.542383810347825,10.895859524490506,0.0,0.0,0.0,0,10,17.80389281930546,30.16898230099481,17.80389281930546,mandante,0.0,0.0,0,0.0,0.0,0.0,0,0,0.0
1199,17,85083,Vinicius Silvestre,Palmeiras,GOL,3.0,0.0,0.0,0.0,0.0,28.542383810347825,10.895859524490506,0.0,0.0,0.0,0,9,43.93008103934686,39.84300076271127,39.84300076271127,visitante,0.0,0.0,0,0.0,0.0,0.0,0,0,0.0
1228,17,100830,Brenno,Grêmio,GOL,4.27,0.0,0.0,0.0,0.0,28.542383810347825,11.059258217300963,0.0,0.0,0.0,0,8,43.93008103934686,58.22074717959054,58.22074717959054,visitante,0.0,6.3125,0,0.0,0.0,0.0,0,0,0.0
1227,17,110708,Pedro Rangel,Fluminense,GOL,1.96,0.0,0.0,0.0,0.0,28.542383810347825,10.895859524490506,0.0,-0.09789908562254028,-0.0196078431372549,0,7,31.387610482088785,30.16898230099481,31.387610482088785,mandante,1.2777777777777777,0.0,0,-1.0,0.0,-1.0,0,0,0.0
1226,17,102137,Vitor Eudes,Fluminense,GOL,2.0,0.0,0.0,0.0,0.0,28.542383810347825,10.895859524490506,0.0,0.0,0.0,0,7,31.387610482088785,30.16898230099481,31.387610482088785,mandante,0.0,0.0,0,0.0,0.0,0.0,0,0,0.0
1225,17,125803,Pedro Morisco,Coritiba,GOL,1.0,0.0,0.0,0.0,0.0,27.333208784821693,8.218726399827382,0.0,0.0,0.0,0,10,17.80389281930546,30.16898230099481,17.80389281930546,mandante,0.0,0.0,0,0.0,0.0,0.0,0,0,0.0
1224,17,88916,Luan Polli,Coritiba,GOL,2.75,0.0,0.0,0.0,0.0,28.542383810347825,14.138695120267279,0.0,0.2842718093332121,0.03485377201728149,0,10,17.80389281930546,30.16898230099481,17.80389281930546,mandante,2.8125,0.0,0,0.0,-1.0,0.0,0,0,0.0
1223,17,110775,Marcão,Coritiba,GOL,2.0,0.0,0.0,0.0,0.0,28.542383810347825,10.895859524490506,0.0,0.0,0.0,0,10,17.80389281930546,30.16898230099481,17.80389281930546,mandante,0.0,0.0,0,0.0,0.0,0.0,0,0,0.0
1221,17,110602,Paulo Mazoti,Santos,GOL,1.0,0.0,0.0,0.0,0.0,29.00299141511236,10.274746410791293,0.0,0.0,0.0,0,4,30.353273442413386,30.16898230099481,30.353273442413386,mandante,0.0,0.0,0,0.0,0.0,0.0,0,0,0.0
1220,17,104991,Igo Gabriel,Botafogo,GOL,1.0,0.0,0.0,0.0,0.0,28.542383810347825,10.895859524490506,0.0,0.0,0.0,0,13,43.93008103934686,51.46518602047724,51.46518602047724,visitante,0.0,0.0,0,0.0,0.0,0.0,0,0,0.0
1219,17,124701,Leandro,São Paulo,GOL,1.0,0.0,0.0,0.0,0.0,28.17976425416064,11.169513738206703,0.0,0.0,0.0,0,8,49.10198009508934,30.16898230099481,49.10198009508934,mandante,0.0,0.0,0,0.0,0.0,0.0,0,0,0.0
1218,17,88136,Ivan,Vasco,GOL,5.0,0.0,0.0,0.0,0.0,28.542383810347825,10.895859524490506,0.0,0.0,0.0,0,1,18.328328312270585,30.16898230099481,18.328328312270585,mandante,0.0,0.0,0,0.0,0.0,0.0,0,0,0.0
2894,17,90120,Edu,Coritiba,ATA,4.55,2.0,-0.14,0.0,0.0,30.01178021339312,8.218726399827382,4.8599999999999985,1.3531338124260897,0.1432234432234432,0,10,17.80389281930546,30.16898230099481,17.80389281930546,mandante,0.0,0.0,0,0.0,0.0,0.0,0,0,0.0
1216,17,72372,Felipe Alves,São Paulo,GOL,6.0,0.0,0.0,0.0,0.0,28.542383810347825,10.895859524490506,0.0,0.0,0.0,0,8,49.10198009508934,30.16898230099481,49.10198009508934,mandante,0.0,0.0,0,0.0,0.0,0.0,0,0,0.0
1215,17,117818,Young,São Paulo,GOL,1.0,0.0,0.0,0.0,0.0,28.52693469784355,10.961557483997877,0.0,0.0,0.0,0,8,49.10198009508934,30.16898230099481,49.10198009508934,mandante,0.0,0.0,0,0.0,0.0,0.0,0,0,0.0
1214,17,104079,João Fernando,Botafogo,GOL,2.0,0.0,0.0,0.0,0.0,28.542383810347825,10.895859524490506,0.0,0.0,0.0,0,13,43.93008103934686,51.46518602047724,51.46518602047724,visitante,0.0,0.0,0,0.0,0.0,0.0,0,0,0.0
1213,17,126095,Gabriel Toebe,Botafogo,GOL,1.0,0.0,0.0,0.0,0.0,27.188940092165893,10.764375876577839,0.0,0.0,0.0,0,13,43.93008103934686,51.46518602047724,51.46518602047724,visitante,0.0,0.0,0,0.0,0.0,0.0,0,0,0.0
1212,17,74061,Gatito Fernández,Botafogo,GOL,8.0,0.0,0.0,0.0,0.0,28.542383810347825,10.895859524490506,0.0,0.0,0.0,0,13,43.93008103934686,51.46518602047724,51.46518602047724,visitante,0.0,0.0,0,0.0,0.0,0.0,0,0,0.0
2895,17,105909,Vinicius Mingotti,Bahia,ATA,2.3600000000000003,1.9,0.3,5.435,1.7857142857142856,27.816743811946807,11.256337924258345,3.95875,2.1439361713731007,0.5927353311623551,0,3,48.4489626742781,30.16898230099481,48.4489626742781,mandante,1.9,0.0,0,1.3666666666666665,4.7,1.3666666666666665,0,0,0.0
1209,17,102907,Matheus Teixeira,Bahia,GOL,2.0,0.0,0.0,0.0,0.0,28.542383810347825,10.895859524490506,0.0,0.0,0.0,0,3,48.4489626742781,30.16898230099481,48.4489626742781,mandante,0.0,0.0,0,0.0,0.0,0.0,0,0,0.0
1208,17,90590,Mateus Claus,Bahia,GOL,1.95,0.0,0.0,0.0,0.0,28.542383810347825,10.559725070708994,0.0,-0.10907147453726423,-0.0196078431372549,0,3,48.4489626742781,30.16898230099481,48.4489626742781,mandante,0.0,0.0,0,0.0,0.0,0.0,0,0,0.0
1207,17,111689,Bruno Guimarães,Fortaleza,GOL,1.0,0.0,0.0,0.0,0.0,27.839905898996605,11.579473216390596,0.0,0.0,0.0,0,3,43.93008103934686,37.34678879993507,37.34678879993507,visitante,0.0,0.0,0,0.0,0.0,0.0,0,0,0.0
1206,17,110698,Mycael,Athletico-PR,GOL,3.0,0.0,0.0,0.0,0.0,28.542383810347825,10.895859524490506,0.0,0.0,0.0,0,8,43.93008103934686,45.517941785667155,45.517941785667155,visitante,0.0,0.0,0,0.0,0.0,0.0,0,0,0.0
1205,17,109347,Kennedy,Fortaleza,GOL,2.0,0.0,0.0,0.0,0.0,28.542383810347825,10.895859524490506,0.0,0.0,0.0,0,3,43.93008103934686,37.34678879993507,37.34678879993507,visitante,0.0,0.0,0,0.0,0.0,0.0,0,0,0.0
1204,17,72595,Maurício Kozlinski,Fortaleza,GOL,4.92,0.0,0.0,0.0,0.0,28.732137131030942,11.81497717154933,0.0,0.6210408644888834,0.07058823529411765,0,3,43.93008103934686,37.34678879993507,37.34678879993507,visitante,0.0,5.125,0,0.0,0.0,0.0,0,0,0.0
1203,17,111172,Robson,América-MG,GOL,2.0,0.0,0.0,0.0,0.0,28.542383810347825,10.895859524490506,0.0,0.0,0.0,0,3,43.93008103934686,26.068996181365318,26.068996181365318,visitante,0.0,0.0,0,0.0,0.0,0.0,0,0,0.0
1202,17,110251,Gabriel Pereira,Athletico-PR,GOL,1.0,0.0,0.0,0.0,0.0,28.542383810347825,10.895859524490506,0.0,0.0,0.0,0,8,43.93008103934686,45.517941785667155,45.517941785667155,visitante,0.0,0.0,0,0.0,0.0,0.0,0,0,0.0
1229,17,82730,Marcelo Rangel,Goiás,GOL,2.34,0.0,0.0,0.0,0.0,28.542383810347825,12.406497439387188,0.0,0.0,0.02334476391453441,0,5,32.722730630932496,30.16898230099481,32.722730630932496,mandante,2.25,0.0,0,0.0,0.0,0.0,0,0,0.0
1230,17,99552,Rossi,Flamengo,GOL,7.0,0.0,0.0,0.0,0.0,27.792492953783285,6.5749811198619055,0.0,0.0,0.0,0,9,43.93008103934686,41.30859449800376,41.30859449800376,visitante,0.0,0.0,0,0.0,0.0,0.0,0,0,0.0
1231,17,82453,Tadeu,Goiás,GOL,6.93,0.0,-0.92,0.0,0.0,29.054518335765085,32.53827750363813,0.0,5.454387683000905,0.4479969645246853,0,5,32.722730630932496,30.16898230099481,32.722730630932496,mandante,4.166666666666667,0.0,0,3.5,4.25,3.5,0,0,0.0
2887,17,97080,Yony González,Fluminense,ATA,3.6,2.6,0.42,0.0,0.0,30.904637356250248,8.218726399827382,2.0825,1.08178489612907,0.1805555555555556,0,7,31.387610482088785,30.16898230099481,31.387610482088785,mandante,3.077777777777777,0.0,0,2.6,0.0,2.6,0,0,0.0
2850,17,91607,Rony,Palmeiras,ATA,8.93,17.8,2.67,11.204705882352938,3.9705882352941178,26.9857660885177,10.895859524490506,8.93470588235294,4.799787854680456,0.3613048731628261,0,9,43.93008103934686,39.84300076271127,39.84300076271127,visitante,0.0,4.155555555555557,0,3.333333333333333,9.15,3.333333333333333,0,0,0.0
2861,17,79631,Cano,Fluminense,ATA,13.88,10.3,1.12,25.448823529411758,15.588235294117649,31.198509600643746,10.895859524490506,19.09705882352941,7.342431421690523,0.2833324536902119,0,7,31.387610482088785,30.16898230099481,31.387610482088785,mandante,4.277777777777779,0.0,0,5.48,0.8,5.48,0,0,0.0
2863,17,121792,André,Grêmio,ATA,1.6,9.2,1.52,11.764705882352944,2.016806722689076,29.548628348236523,10.895859524490506,2.906875,2.4333158052110075,1.0821789465181788,0,8,43.93008103934686,58.22074717959054,58.22074717959054,visitante,0.0,4.53125,0,3.225,9.2,3.225,0,0,0.0
2865,17,101290,Ferreira,Grêmio,ATA,7.109999999999999,8.5,1.32,9.558823529411764,0.0,28.542383810347825,10.895859524490506,1.5625,1.4331817666285172,0.1031870950262611,0,8,43.93008103934686,58.22074717959054,58.22074717959054,visitante,0.0,6.50625,0,0.25,6.7,0.25,0,0,0.0
2867,17,68895,Wellington Silva,Cuiabá,ATA,3.42,7.9,1.36,0.0,0.0,35.76811245741255,10.895859524490506,3.2311764705882355,3.3468515611372758,0.5338586992310329,0,13,32.09900028725026,30.16898230099481,32.09900028725026,mandante,1.2738095238095235,0.0,0,0.9666666666666668,3.8,0.9666666666666668,0,0,0.0
2871,17,101314,Ademir,Bahia,ATA,6.02,5.5,0.32,5.882352941176472,0.980392156862745,28.964690365384044,10.895859524490506,8.967647058823529,4.951844943991797,0.4923353713684563,0,3,48.4489626742781,30.16898230099481,48.4489626742781,mandante,3.123214285714285,0.0,0,2.433333333333333,3.5666666666666664,2.433333333333333,0,0,0.0
323,17,111578,António Oliveira,Cuiabá,TEC,7.28,6.72,0.22,0.0,0.0,28.20630427076686,11.363653656781285,0.0,10.474545295973867,0.9193169101524648,0,13,32.09900028725026,30.16898230099481,32.09900028725026,mandante,3.3206666666666664,0.0,0,5.57,5.376666666666666,5.57,0,0,0.0
2873,17,68917,Vinicius,Goiás,ATA,6.4700000000000015,5.0,0.73,0.0,0.0,32.20253057072899,10.895859524490506,6.968823529411764,3.5825410008801404,0.2516472620867091,0,5,32.722730630932496,30.16898230099481,32.722730630932496,mandante,4.53,0.0,0,3.5,0.4,3.5,0,0,0.0
321,17,72391,Fernando Diniz,Fluminense,TEC,13.85,7.06,0.6,0.0,0.0,28.542383810347825,10.895859524490506,0.0,9.051749456660076,0.3950593319395885,0,7,31.387610482088785,30.16898230099481,31.387610482088785,mandante,4.727222222222221,0.0,0,5.5619999999999985,2.705,5.5619999999999985,0,0,0.0
2875,17,126216,Derik Lacerda,Cuiabá,ATA,3.0,4.0,0.89,0.0,0.0,28.57142857142857,2.1739130434782608,10.0,7.4132216989359865,1.3333333333333333,0,13,32.09900028725026,30.16898230099481,32.09900028725026,mandante,0.0,0.0,0,0.0,0.0,0.0,0,0,0.0
2881,17,93478,Wanderson,Internacional,ATA,11.74,3.3,-0.47,28.06588235294117,6.862745098039214,32.14745787808514,10.895859524490506,9.457058823529412,7.058849440577923,0.36528905535101697,0,3,34.96114698259281,30.16898230099481,34.96114698259281,mandante,4.567460317460318,0.0,0,1.9,4.8,1.9,0,0,0.0
1244,17,105208,Bento,Athletico-PR,GOL,10.99,-1.0,-1.3,5.882352941176472,0.0,28.803349287951555,38.2686829772116,0.0,6.731488406881077,0.4282434197907232,0,8,43.93008103934686,45.517941785667155,45.517941785667155,visitante,0.0,4.061111111111112,0,5.233333333333333,4.0,5.233333333333333,0,0,0.0
2891,17,111333,Sorriso,Bragantino,ATA,4.46,2.4,-0.2,5.3476470588235285,1.6806722689075628,31.657228860676753,10.895859524490506,7.2947058823529405,2.743624481310124,0.49662301350553006,0,8,43.93008103934686,59.926175380021455,59.926175380021455,visitante,0.0,3.17875,0,5.175000000000002,1.4,5.175000000000002,0,0,0.0
2888,17,111652,Rodrigo Varanda,América-MG,ATA,1.98,2.6,0.18,0.0,0.0,27.567320011092946,11.363653656781285,6.0230000000000015,2.1190165663796696,0.4847059192807343,0,3,43.93008103934686,26.068996181365318,26.068996181365318,visitante,0.0,2.2104166666666667,0,1.7000000000000002,1.7333333333333334,1.7000000000000002,0,0,0.0
1242,17,87603,Mateus Pasinato,América-MG,GOL,3.79,-1.0,-1.05,0.0,0.0,28.715394190970663,28.789722823951532,0.0,3.6082325433709546,0.5867691837946316,0,3,43.93008103934686,26.068996181365318,26.068996181365318,visitante,0.0,2.99375,0,-1.0,2.6666666666666665,-1.0,0,0,0.0
1241,17,104424,Felipe Scheibig,Grêmio,GOL,1.0,0.0,0.0,0.0,0.0,27.47257128606776,11.576652925660513,0.0,0.0,0.0,0,8,43.93008103934686,58.22074717959054,58.22074717959054,visitante,0.0,0.0,0,0.0,0.0,0.0,0,0,0.0
1240,17,107179,Matheus Donelli,Corinthians,GOL,2.0,0.0,0.0,0.0,0.0,28.542383810347825,10.895859524490506,0.0,0.0,0.0,0,8,43.93008103934686,26.88642657966906,26.88642657966906,visitante,0.0,0.0,0,0.0,0.0,0.0,0,0,0.0
1239,17,123054,Tiago Gomes,Bahia,GOL,1.0,0.0,0.0,0.0,0.0,28.12040044555339,11.256337924258345,0.0,0.0,0.0,0,3,48.4489626742781,30.16898230099481,48.4489626742781,mandante,0.0,0.0,0,0.0,0.0,0.0,0,0,0.0
1238,17,111761,Cadu,Vasco,GOL,1.0,0.0,0.0,0.0,0.0,28.542383810347825,10.895859524490506,0.0,0.0,0.0,0,1,18.328328312270585,30.16898230099481,18.328328312270585,mandante,0.0,0.0,0,0.0,0.0,0.0,0,0,0.0
1237,17,106682,Halls,Vasco,GOL,2.0,0.0,0.0,0.0,0.0,28.542383810347825,10.895859524490506,0.0,0.0,0.0,0,1,18.328328312270585,30.16898230099481,18.328328312270585,mandante,0.0,0.0,0,0.0,0.0,0.0,0,0,0.0
1236,17,104084,Carlos Miguel,Corinthians,GOL,2.0,0.0,0.0,0.0,0.0,28.542383810347825,10.895859524490506,0.0,0.0,0.0,0,8,43.93008103934686,26.88642657966906,26.88642657966906,visitante,0.0,0.0,0,0.0,0.0,0.0,0,0,0.0
1235,17,69012,Santos,Flamengo,GOL,9.47,0.0,0.0,0.0,0.0,28.899217720382428,17.777085580672843,0.0,1.7098213894271654,0.12123470025802012,0,9,43.93008103934686,41.30859449800376,41.30859449800376,visitante,0.0,2.25,0,0.0,0.0,0.0,0,0,0.0
1234,17,115674,Gabriel Delfim,Atlético-MG,GOL,2.0,0.0,0.0,0.0,0.0,28.542383810347825,10.895859524490506,0.0,0.0,0.0,0,2,43.93008103934686,20.68600323441277,20.68600323441277,visitante,0.0,0.0,0,0.0,0.0,0.0,0,0,0.0
2889,17,108131,Garcez,Coritiba,ATA,4.0,2.5,-0.4,0.0,0.0,28.90459584007971,9.676250584385228,3.703333333333333,1.6108735862215355,0.20833333333333331,0,10,17.80389281930546,30.16898230099481,17.80389281930546,mandante,0.0,0.0,0,0.0,0.0,0.0,0,0,0.0
2897,17,82627,Luiz Araújo,Flamengo,ATA,4.86,1.7,0.04,0.0,0.0,28.513928675218995,6.5749811198619055,3.3340000000000005,0.2384981630380456,0.032954715505220555,0,9,43.93008103934686,41.30859449800376,41.30859449800376,visitante,0.0,0.0,0,0.0,0.0,0.0,0,0,0.0
1198,17,68872,Marcelo Lomba,Palmeiras,GOL,5.89,0.0,0.0,0.0,0.0,28.542383810347825,11.712852988542796,0.0,0.08839388314328647,0.007352941176470587,0,9,43.93008103934686,39.84300076271127,39.84300076271127,visitante,0.0,0.0,0,0.0,0.0,0.0,0,0,0.0
1944,17,121796,Jean Pedroso,Coritiba,ZAG,2.37,0.0,0.0,0.0,0.0,31.222954847916842,11.18997717154933,0.42,1.8989356863458569,0.8132600131513297,0,10,17.80389281930546,30.16898230099481,17.80389281930546,mandante,3.6375,0.0,0,-0.4,4.949999999999998,-0.4,0,0,0.0
2900,17,102561,Mastriani,América-MG,ATA,3.67,1.3,0.17,5.3476470588235285,1.96078431372549,28.888404571593494,10.895859524490506,2.733125,3.0886470571255376,0.395375155861164,0,3,43.93008103934686,26.068996181365318,26.068996181365318,visitante,0.0,4.34375,0,1.3,8.75,1.3,0,0,0.0
1970,17,125467,Viery,Grêmio,ZAG,1.0,0.0,0.0,0.0,0.0,28.715966350374952,8.336293790361111,0.0,0.0,0.0,0,8,43.93008103934686,58.22074717959054,58.22074717959054,visitante,0.0,0.0,0,0.0,0.0,0.0,0,0,0.0
1969,17,124918,Renato,Corinthians,ZAG,1.0,0.0,0.0,0.0,0.0,29.00299141511236,10.274746410791293,0.0,0.0,0.0,0,8,43.93008103934686,26.88642657966906,26.88642657966906,visitante,0.0,0.0,0,0.0,0.0,0.0,0,0,0.0
1968,17,102253,Lucas Halter,Goiás,ZAG,5.78,0.0,-1.05,5.882352941176472,1.1764705882352942,33.05585982003648,11.396070361513491,1.6929411764705884,4.2767357968984365,0.44091033817657466,0,5,32.722730630932496,30.16898230099481,32.722730630932496,mandante,3.7142857142857135,0.0,0,2.2,3.425,2.2,0,0,0.0
1967,17,122378,Lyncon,Vasco,ZAG,1.0,0.0,0.0,0.0,0.0,29.00299141511236,10.274746410791293,0.0,0.0,0.0,0,1,18.328328312270585,30.16898230099481,18.328328312270585,mandante,0.0,0.0,0,0.0,0.0,0.0,0,0,0.0
1966,17,115734,Pimentel,Vasco,ZAG,2.0,0.0,0.0,0.0,0.0,28.542383810347825,10.895859524490506,0.0,0.0,0.0,0,1,18.328328312270585,30.16898230099481,18.328328312270585,mandante,0.0,0.0,0,0.0,0.0,0.0,0,0,0.0
1965,17,115733,Zé Vitor,Vasco,ZAG,0.97,0.0,0.0,0.0,0.0,27.21411056556604,10.895859524490506,0.0,-0.3851908917169144,-0.07647058823529412,0,1,18.328328312270585,30.16898230099481,18.328328312270585,mandante,0.7714285714285716,0.0,0,-2.6,0.0,-2.6,0,0,0.0
1964,17,71227,Maicon,Vasco,ZAG,5.32,0.0,0.0,0.0,0.0,29.65513375049297,10.821168266950046,1.0,1.5526103394078414,0.08388594070614873,0,1,18.328328312270585,30.16898230099481,18.328328312270585,mandante,3.7125,0.0,0,0.2,0.0,0.2,0,0,0.0
1963,17,93368,Lucas Veríssimo,Corinthians,ZAG,11.0,0.0,0.0,0.0,0.0,28.57142857142857,2.1739130434782608,0.0,0.0,0.0,0,8,43.93008103934686,26.88642657966906,26.88642657966906,visitante,0.0,0.0,0,0.0,0.0,0.0,0,0,0.0
1962,17,73800,Rodrigo Caio,Flamengo,ZAG,3.97,0.0,0.0,0.0,0.0,28.542383810347825,10.895859524490506,0.0,0.0,0.0,0,9,43.93008103934686,41.30859449800376,41.30859449800376,visitante,0.0,0.0,0,0.0,0.0,0.0,0,0,0.0
2921,17,109246,Kawê,Bragantino,ATA,1.0,0.0,0.0,0.0,0.0,28.542383810347825,10.895859524490506,0.0,0.0,0.0,0,8,43.93008103934686,59.926175380021455,59.926175380021455,visitante,0.0,0.0,0,0.0,0.0,0.0,0,0,0.0
2922,17,126120,Marcelinho,Bragantino,ATA,1.0,0.0,0.0,0.0,0.0,27.188940092165893,10.764375876577839,0.0,0.0,0.0,0,8,43.93008103934686,59.926175380021455,59.926175380021455,visitante,0.0,0.0,0,0.0,0.0,0.0,0,0,0.0
2984,17,37865,Bruno Mezenga,Santos,ATA,1.69,0.0,0.0,0.0,0.0,26.555867893513327,10.895859524490506,2.1594117647058826,0.3079733231383545,0.05087578127509144,0,4,30.353273442413386,30.16898230099481,30.353273442413386,mandante,1.5,0.0,0,-0.7000000000000001,-0.6,-0.7000000000000001,0,0,0.0
1958,17,52253,Réver,Atlético-MG,ZAG,4.52,0.0,0.0,0.0,0.0,28.525640870287557,11.238665565825961,0.0,0.9222745197811982,0.12968591727573206,0,2,43.93008103934686,20.68600323441277,20.68600323441277,visitante,0.0,4.4527777777777775,0,0.0,0.0,0.0,0,0,0.0
1957,17,104085,Bruno Fuchs,Atlético-MG,ZAG,4.33,0.0,0.0,0.0,0.0,28.983784821008808,11.406235280194139,0.0,1.876351609210024,0.21488255972293746,0,2,43.93008103934686,20.68600323441277,20.68600323441277,visitante,0.0,3.2977777777777777,0,0.0,0.0,0.0,0,0,0.0
1956,17,70221,Bruno Uvini,Grêmio,ZAG,3.82,0.0,-0.72,5.882352941176472,1.4705882352941178,28.43787051528448,11.08561284517362,3.56125,2.5467330673183004,0.5423457059041191,0,8,43.93008103934686,58.22074717959054,58.22074717959054,visitante,0.0,4.189583333333333,0,3.3666666666666667,0.9,3.3666666666666667,0,0,0.0
1955,17,80853,Pedro Geromel,Grêmio,ZAG,7.0,0.0,0.0,0.0,0.0,28.542383810347825,10.895859524490506,0.0,0.0,0.0,0,8,43.93008103934686,58.22074717959054,58.22074717959054,visitante,0.0,0.0,0,0.0,0.0,0.0,0,0,0.0
1954,17,87342,Kannemann,Grêmio,ZAG,9.13,0.0,0.0,5.882352941176472,0.0,37.90227495133418,11.373241313376644,2.20125,5.134708775402888,0.3659495939351524,0,8,43.93008103934686,58.22074717959054,58.22074717959054,visitante,0.0,4.06625,0,4.366666666666666,0.8,4.366666666666666,0,0,0.0
1953,17,113159,Michel,Palmeiras,ZAG,2.0,0.0,0.0,0.0,0.0,28.542383810347825,10.895859524490506,0.0,0.0,0.0,0,9,43.93008103934686,39.84300076271127,39.84300076271127,visitante,0.0,0.0,0,0.0,0.0,0.0,0,0,0.0
1952,17,124698,Nolasco,Goiás,ZAG,1.0,0.0,0.0,0.0,0.0,28.17976425416064,11.169513738206703,0.0,0.0,0.0,0,5,32.722730630932496,30.16898230099481,32.722730630932496,mandante,0.0,0.0,0,0.0,0.0,0.0,0,0,0.0
1951,17,105842,Edu,Goiás,ZAG,2.4,0.0,0.0,0.0,0.0,29.34065640080781,10.895859524490506,0.0,0.4710607544409873,0.07993616051071592,0,5,32.722730630932496,30.16898230099481,32.722730630932496,mandante,3.6,0.0,0,0.0,0.0,0.0,0,0,0.0
2923,17,102299,Mikael,América-MG,ATA,3.87,0.0,0.0,0.0,0.0,28.93454067309293,10.895859524490506,3.64625,1.2123661345726404,0.1506489041175742,0,3,43.93008103934686,26.068996181365318,26.068996181365318,visitante,0.0,2.06875,0,0.0,0.0,0.0,0,0,0.0
2924,17,124239,Henry Mosquera,Bragantino,ATA,7.2,0.0,0.0,9.972941176470588,2.100840336134454,27.797916487757373,10.895859524490506,4.60764705882353,3.2207765650162306,0.8225710423663154,0,8,43.93008103934686,59.926175380021455,59.926175380021455,visitante,0.0,3.26875,0,19.2,0.0,19.2,0,0,0.0
1948,17,122293,Thiago Dombroski,Coritiba,ZAG,0.71,0.0,0.0,0.0,0.0,28.083820359551567,11.361821430514395,0.0,0.6393929003771633,0.5579780927607014,0,10,17.80389281930546,30.16898230099481,17.80389281930546,mandante,2.9208333333333334,0.0,0,-0.1,-1.6,-0.1,0,0,0.0
1947,17,111644,Gustavo Vilar,Coritiba,ZAG,1.32,0.0,0.0,0.0,0.0,28.12040044555339,11.256337924258345,0.0,0.0,0.0,0,10,17.80389281930546,30.16898230099481,17.80389281930546,mandante,3.875,0.0,0,0.0,0.0,0.0,0,0,0.0
1946,17,104504,Henrique Vermudt,Botafogo,ZAG,3.0,0.0,0.0,0.0,0.0,28.57142857142857,2.1739130434782608,0.0,0.0,0.0,0,13,43.93008103934686,51.46518602047724,51.46518602047724,visitante,0.0,0.0,0,0.0,0.0,0.0,0,0,0.0
1971,17,107801,Natã,Grêmio,ZAG,0.75,0.0,0.0,0.0,0.0,28.21558642472691,10.895859524490506,0.0,0.02062132038314413,0.011764705882352941,0,8,43.93008103934686,58.22074717959054,58.22074717959054,visitante,0.0,6.3125,0,0.2,0.0,0.2,0,0,0.0
1972,17,121821,Murillo,Corinthians,ZAG,3.05,0.0,0.0,0.0,0.0,33.76682375241665,11.479924415955779,2.455625,3.5918487025362835,1.0777924249181874,0,8,43.93008103934686,26.88642657966906,26.88642657966906,visitante,0.0,3.364583333333333,0,2.4,5.65,2.4,0,0,0.0
1973,17,91203,Éder,América-MG,ZAG,2.8000000000000003,-0.1,-0.39,0.0,0.0,33.478790885386445,10.895859524490506,0.416875,1.6742199001241231,0.2778679663943537,0,3,43.93008103934686,26.068996181365318,26.068996181365318,visitante,0.0,2.029464285714286,0,-0.1,1.9250000000000005,-0.1,0,0,0.0
2905,17,124757,Nathan Fernandes,Grêmio,ATA,0.71,1.2,0.05,0.0,0.0,27.701253765716356,11.363653656781285,2.7777777777777777,0.1577531009310526,0.1146881287726358,0,8,43.93008103934686,58.22074717959054,58.22074717959054,visitante,0.0,3.45625,0,-0.3,1.2,-0.3,0,0,0.0
1196,17,102290,Gabriel Mesquita,Cruzeiro,GOL,0.7,0.0,0.0,0.0,0.0,29.00299141511236,10.274746410791293,0.0,-0.1787992473603446,-0.1111111111111111,0,6,17.572699629610252,30.16898230099481,17.572699629610252,mandante,0.25,0.0,0,0.0,0.0,0.0,0,0,0.0
1195,17,114893,Peruchi,Cuiabá,GOL,1.0,0.0,0.0,0.0,0.0,28.542383810347825,10.895859524490506,0.0,0.0,0.0,0,13,32.09900028725026,30.16898230099481,32.09900028725026,mandante,0.0,0.0,0,0.0,0.0,0.0,0,0,0.0
1194,17,72580,Matheus Cavichioli,América-MG,GOL,5.43,0.0,0.0,0.0,0.0,28.19636304910215,18.89818925275095,0.0,1.1835002742256728,0.058504009768381535,0,3,43.93008103934686,26.068996181365318,26.068996181365318,visitante,0.0,1.59375,0,-2.0,1.5,-2.0,0,0,0.0
1193,17,98496,Vinícius Barreta,Cuiabá,GOL,1.0,0.0,0.0,0.0,0.0,28.542383810347825,10.895859524490506,0.0,0.0,0.0,0,13,32.09900028725026,30.16898230099481,32.09900028725026,mandante,0.0,0.0,0,0.0,0.0,0.0,0,0,0.0
1192,17,91712,Matheus Alves,Goiás,GOL,2.0,0.0,0.0,0.0,0.0,28.542383810347825,10.895859524490506,0.0,0.0,0.0,0,5,32.722730630932496,30.16898230099481,32.722730630932496,mandante,0.0,0.0,0,0.0,0.0,0.0,0,0,0.0
1191,17,107740,Emerson Júnior,Internacional,GOL,1.0,0.0,0.0,0.0,0.0,28.542383810347825,10.895859524490506,0.0,0.0,0.0,0,3,34.96114698259281,30.16898230099481,34.96114698259281,mandante,0.0,0.0,0,0.0,0.0,0.0,0,0,0.0
1189,17,104588,Fabrício,Bragantino,GOL,1.0,0.0,0.0,0.0,0.0,28.542383810347825,10.895859524490506,0.0,0.0,0.0,0,8,43.93008103934686,59.926175380021455,59.926175380021455,visitante,0.0,0.0,0,0.0,0.0,0.0,0,0,0.0
1187,17,97453,Jori,América-MG,GOL,3.0,0.0,0.0,0.0,0.0,28.542383810347825,10.895859524490506,0.0,0.0,0.0,0,3,43.93008103934686,26.068996181365318,26.068996181365318,visitante,0.0,0.0,0,0.0,0.0,0.0,0,0,0.0
1186,17,69010,João Carlos,Cuiabá,GOL,3.0,0.0,0.0,0.0,0.0,28.542383810347825,10.895859524490506,0.0,0.0,0.0,0,13,32.09900028725026,30.16898230099481,32.09900028725026,mandante,0.0,0.0,0,0.0,0.0,0.0,0,0,0.0
1185,17,104017,Maycon,Bragantino,GOL,3.0,0.0,0.0,0.0,0.0,28.542383810347825,10.895859524490506,0.0,0.0,0.0,0,8,43.93008103934686,59.926175380021455,59.926175380021455,visitante,0.0,0.0,0,0.0,0.0,0.0,0,0,0.0
2903,17,121830,Janderson,Botafogo,ATA,2.1,1.2,-0.53,5.882352941176472,0.0,28.384914242229748,10.895859524490506,0.49,0.6076035041032462,0.3671439305216909,0,13,43.93008103934686,51.46518602047724,51.46518602047724,visitante,0.0,4.7,0,0.45,5.2,0.45,0,0,0.0
2906,17,100333,Paulinho Bóia,América-MG,ATA,3.15,1.1,-0.04,0.0,0.0,26.869265578943,9.676250584385228,0.0,1.5539454820117582,0.18306878306878308,0,3,43.93008103934686,26.068996181365318,26.068996181365318,visitante,0.0,1.74375,0,1.1,0.8,1.1,0,0,0.0
1974,17,68923,Gil,Corinthians,ZAG,5.88,-0.3,-1.16,0.0,0.0,34.67244995340659,11.643323108766234,3.24375,4.666959878805649,0.4767222125525036,0,8,43.93008103934686,26.88642657966906,26.88642657966906,visitante,0.0,3.475,0,0.45,5.075,0.45,0,0,0.0
1181,17,51413,Walter,Cuiabá,GOL,5.78,1.0,-0.05,0.0,0.0,28.785869077622017,35.70090607097389,0.0,5.5599162742019885,0.6452821942410422,0,13,32.09900028725026,30.16898230099481,32.09900028725026,mandante,1.3541666666666663,0.0,0,2.5,4.166666666666667,2.5,0,0,0.0
2907,17,108624,Arriagada,Athletico-PR,ATA,3.1,1.0,-0.19,0.0,0.0,25.94356650564817,10.895859524490506,1.922941176470588,0.28624984994967545,0.05964817654856905,0,8,43.93008103934686,45.517941785667155,45.517941785667155,visitante,0.0,2.5111111111111106,0,0.65,1.8,0.65,0,0,0.0
2908,17,86485,Keno,Fluminense,ATA,3.81,0.8,-0.58,4.201764705882353,0.0,33.11352879169484,10.895859524490506,3.8776470588235297,2.4964266833747777,0.535832037627067,0,7,31.387610482088785,30.16898230099481,31.387610482088785,mandante,3.4477777777777776,0.0,0,4.475,4.5,4.475,0,0,0.0
2911,17,108422,Erison,São Paulo,ATA,5.07,0.5,-0.52,5.882352941176472,0.0,27.78337052761537,10.895859524490506,0.3270588235294117,0.7177984926231654,0.08280870353493848,0,8,49.10198009508934,30.16898230099481,49.10198009508934,mandante,3.0694444444444446,0.0,0,1.75,3.9,1.75,0,0,0.0
2913,17,84918,Rafael Ratão,Bahia,ATA,6.0,0.4,-1.51,0.0,0.0,35.714285714285715,2.1739130434782608,0.0,0.7416860268533969,0.06666666666666668,0,3,48.4489626742781,30.16898230099481,48.4489626742781,mandante,0.0,0.0,0,0.0,0.0,0.0,0,0,0.0
1174,17,81881,João Ricardo,Fortaleza,GOL,6.97,5.5,0.86,0.0,0.0,29.41496694936695,28.847357559612387,0.0,5.74462799652217,0.4709227117130239,0,3,43.93008103934686,37.34678879993507,37.34678879993507,visitante,0.0,4.979166666666666,0,3.375,2.6666666666666665,3.375,0,0,0.0
2916,17,111949,Quagliata,Cuiabá,ATA,2.5,0.0,0.0,0.0,0.0,29.49503852150391,10.895859524490506,1.0694117647058825,0.7195185766614339,0.1438685537448411,0,13,32.09900028725026,30.16898230099481,32.09900028725026,mandante,1.0333333333333332,0.0,0,0.0,0.0,0.0,0,0,0.0
2917,17,124158,Everton,Bragantino,ATA,1.0,0.0,0.0,0.0,0.0,28.542383810347825,10.895859524490506,0.0,0.0,0.0,0,8,43.93008103934686,59.926175380021455,59.926175380021455,visitante,0.0,0.0,0,0.0,0.0,0.0,0,0,0.0
2918,17,122393,Talisson,Bragantino,ATA,3.1,0.0,0.0,0.0,0.0,29.234425332839173,10.895859524490506,0.5347058823529411,0.3237817710862878,0.22352941176470587,0,8,43.93008103934686,59.926175380021455,59.926175380021455,visitante,0.0,4.9375,0,0.0,0.0,0.0,0,0,0.0
2919,17,90302,Pedro Rocha,Fortaleza,ATA,5.0,0.0,0.0,0.0,0.0,28.542383810347825,10.895859524490506,0.0,0.0,0.0,0,3,43.93008103934686,37.34678879993507,37.34678879993507,visitante,0.0,0.0,0,0.0,0.0,0.0,0,0,0.0
2920,17,78580,Jonathan Cafu,Cuiabá,ATA,7.03,0.0,0.0,10.953529411764707,0.0,34.22272315181006,10.895859524490506,3.5276470588235287,4.938513867085296,0.4418390551512933,0,13,32.09900028725026,30.16898230099481,32.09900028725026,mandante,2.279166666666667,0.0,0,3.3,3.5,3.3,0,0,0.0
1933,17,101727,Matheuzinho,Flamengo,LAT,6.0,0.0,0.0,0.0,0.0,28.542383810347825,10.895859524490506,0.0,0.0,0.0,0,9,43.93008103934686,41.30859449800376,41.30859449800376,visitante,0.0,0.0,0,0.0,0.0,0.0,0,0,0.0
1919,17,107676,Nathan,Santos,LAT,8.82,0.0,0.0,0.0,0.0,34.98559095633507,11.369470574311787,0.0,3.1859309290174584,0.27579216005516244,0,4,30.353273442413386,30.16898230099481,30.353273442413386,mandante,3.0125,0.0,0,0.0,0.0,0.0,0,0,0.0
1931,17,78850,Reinaldo,Grêmio,LAT,8.24,0.0,0.0,22.103529411764704,1.4705882352941178,27.2280348288485,11.222411750782372,3.0225,4.876942270613587,0.383333129748042,0,8,43.93008103934686,58.22074717959054,58.22074717959054,visitante,0.0,4.35625,0,7.1,2.1,7.1,0,0,0.0
3889,17,106832,Pedro Vilhena,São Paulo,MEI,1.0,0.0,0.0,0.0,0.0,27.47257128606776,11.576652925660513,0.0,0.0,0.0,0,8,49.10198009508934,30.16898230099481,49.10198009508934,mandante,0.0,0.0,0,0.0,0.0,0.0,0,0,0.0
3903,17,118747,Ed Carlos,Santos,MEI,2.0,0.0,0.0,0.0,0.0,29.102607899983678,10.895859524490506,0.8405882352941176,0.21239539526783052,0.06152832984453278,0,4,30.353273442413386,30.16898230099481,30.353273442413386,mandante,3.025,0.0,0,0.0,0.0,0.0,0,0,0.0
3902,17,115025,Miguelito,Santos,MEI,1.57,0.0,0.0,0.0,0.0,29.17831385804258,10.895859524490506,0.9805882352941178,0.2654942440847882,0.15069739235900545,0,4,30.353273442413386,30.16898230099481,30.353273442413386,mandante,2.5125,0.0,0,0.0,0.0,0.0,0,0,0.0
3901,17,110605,Vinícius Balieiro,Santos,MEI,1.62,0.0,0.0,0.0,0.0,27.40918229763967,10.895859524490506,0.0,-0.04247907905356611,-0.007351035607188735,0,4,30.353273442413386,30.16898230099481,30.353273442413386,mandante,1.3625,0.0,0,-0.3,0.2,-0.3,0,0,0.0
3900,17,104580,Sandry,Santos,MEI,2.54,0.0,0.0,0.0,0.0,29.767137976278466,10.895859524490506,0.0,0.2761140138481797,0.054876165103106785,0,4,30.353273442413386,30.16898230099481,30.353273442413386,mandante,1.9791666666666663,0.0,0,0.9333333333333332,-0.09999999999999998,0.9333333333333332,0,0,0.0
3899,17,73974,Alison,Santos,MEI,3.03,0.0,0.0,0.0,0.0,31.511465181036524,10.895859524490506,0.0,0.6584257253302749,0.10980042931093316,0,4,30.353273442413386,30.16898230099481,30.353273442413386,mandante,2.4625,0.0,0,0.0,0.0,0.0,0,0,0.0
3898,17,78855,Thiago Santos,Fluminense,MEI,1.94,0.0,0.0,0.0,0.0,28.80580878077135,10.895859524490506,1.9605882352941173,0.42096606817692334,0.15288111657496833,0,7,31.387610482088785,30.16898230099481,31.387610482088785,mandante,2.1902777777777778,0.0,0,0.0,0.0,0.0,0,0,0.0
3897,17,121985,Giovanni Manson,Fluminense,MEI,1.9,0.0,0.0,0.0,0.0,27.98215972071197,10.895859524490506,0.0,-0.058739451373524175,-0.005319033690824397,0,7,31.387610482088785,30.16898230099481,31.387610482088785,mandante,1.2277777777777776,0.0,0,0.0,0.0,0.0,0,0,0.0
3895,17,116672,Daniel Ruiz,Santos,MEI,3.47,0.0,0.0,0.0,0.0,31.58261633154921,10.895859524490506,2.017058823529412,1.0301176670489782,0.16145837073394004,0,4,30.353273442413386,30.16898230099481,30.353273442413386,mandante,2.1325,0.0,0,0.0,0.0,0.0,0,0,0.0
3894,17,93791,Daniel,Fluminense,MEI,2.58,0.0,0.0,0.0,0.0,29.209084666802006,10.895859524490506,1.5384615384615383,0.5824995594541147,0.08431697003125573,0,7,31.387610482088785,30.16898230099481,31.387610482088785,mandante,1.9208333333333332,0.0,0,1.2,0.7,1.2,0,0,0.0
3892,17,116048,Raí,Botafogo,MEI,2.11,0.0,0.0,0.0,0.0,28.542383810347825,10.895859524490506,0.0,0.0,0.0,0,13,43.93008103934686,51.46518602047724,51.46518602047724,visitante,0.0,6.5,0,0.0,0.0,0.0,0,0,0.0
3891,17,111945,Diego Hernández,Botafogo,MEI,7.0,0.0,0.0,0.0,0.0,28.52693469784355,10.961557483997877,0.0,0.0,0.0,0,13,43.93008103934686,51.46518602047724,51.46518602047724,visitante,0.0,0.0,0,0.0,0.0,0.0,0,0,0.0
3890,17,124674,Felipe Negrucci,São Paulo,MEI,1.0,0.0,0.0,0.0,0.0,27.847596219199577,12.063420651643069,0.0,0.0,0.0,0,8,49.10198009508934,30.16898230099481,49.10198009508934,mandante,0.0,0.0,0,0.0,0.0,0.0,0,0,0.0
3888,17,94786,Jhegson Méndez,São Paulo,MEI,4.01,0.0,0.0,0.0,0.0,33.017100741812165,10.895859524490506,0.0,1.0475978000446198,0.13066423053162668,0,8,49.10198009508934,30.16898230099481,49.10198009508934,mandante,2.8277777777777784,0.0,0,1.3,2.25,1.3,0,0,0.0
3773,17,107744,Praxedes,Vasco,MEI,3.54,2.2,0.06,0.0,0.0,28.752467843961274,10.895859524490506,5.56,5.540822827004845,0.035380525091392494,0,1,18.328328312270585,30.16898230099481,18.328328312270585,mandante,0.0,3.56875,0,-0.1,2.2,-0.1,0,0,0.0
3887,17,106830,Talles Costa,São Paulo,MEI,3.0,0.0,0.0,0.0,0.0,28.542383810347825,10.895859524490506,0.0,0.0,0.0,0,8,49.10198009508934,30.16898230099481,49.10198009508934,mandante,0.0,0.0,0,0.0,0.0,0.0,0,0,0.0
3886,17,118770,Patrick Verhon,Bahia,MEI,1.44,0.0,0.0,0.0,0.0,28.542383810347825,10.895859524490506,0.0,0.0,0.0,0,3,48.4489626742781,30.16898230099481,48.4489626742781,mandante,0.0,0.0,0,0.0,0.0,0.0,0,0,0.0
3885,17,107232,Miqueias,Bahia,MEI,3.0,0.0,0.0,0.0,0.0,28.542383810347825,10.895859524490506,0.0,0.0,0.0,0,3,48.4489626742781,30.16898230099481,48.4489626742781,mandante,0.0,0.0,0,0.0,0.0,0.0,0,0,0.0
3884,17,107173,Michel Araújo,São Paulo,MEI,6.46,0.0,-0.49,10.953529411764707,0.980392156862745,30.9239256538832,10.895859524490506,5.720588235294117,3.5210926057055283,0.3709312524336567,0,8,49.10198009508934,30.16898230099481,49.10198009508934,mandante,3.1801587301587304,0.0,0,1.1,4.55,1.1,0,0,0.0
3883,17,102909,Luan,São Paulo,MEI,3.18,0.0,0.0,0.0,0.0,29.420805704089513,10.895859524490506,0.39235294117647057,0.6207986963227377,0.0974910659025488,0,8,49.10198009508934,30.16898230099481,49.10198009508934,mandante,2.656944444444445,0.0,0,-0.3,1.8,-0.3,0,0,0.0
3771,17,69375,Vidal,Athletico-PR,MEI,5.8100000000000005,2.3,-0.19,0.0,0.0,32.72970578941553,10.895859524490506,3.765,4.342995035257978,0.200571009297226,0,8,43.93008103934686,45.517941785667155,45.517941785667155,visitante,0.0,2.8125,0,2.25,3.8,2.25,0,0,0.0
3880,17,81845,Alisson,São Paulo,MEI,5.37,0.0,-0.09,16.02470588235294,0.0,35.04120973392386,10.895859524490506,6.331176470588236,4.374690813149291,0.5606147390246432,0,8,49.10198009508934,30.16898230099481,49.10198009508934,mandante,3.8,0.0,0,2.15,1.7333333333333334,2.15,0,0,0.0
3878,17,71898,Gabriel Pires,Botafogo,MEI,5.61,0.0,0.0,0.0,0.0,33.79966698927405,10.895859524490506,0.9547058823529412,1.0536921526853762,0.13286839473036074,0,13,43.93008103934686,51.46518602047724,51.46518602047724,visitante,0.0,6.5,0,0.0,0.0,0.0,0,0,0.0
3877,17,86777,Danilo Barbosa,Botafogo,MEI,5.07,0.0,-0.34,5.882352941176472,1.1764705882352942,29.834415880368514,10.895859524490506,2.4835294117647058,1.661295656788622,0.3118735712789825,0,13,43.93008103934686,51.46518602047724,51.46518602047724,visitante,0.0,4.575,0,0.9666666666666668,1.25,0.9666666666666668,0,0,0.0
3876,17,107172,Patrick de Paula,Botafogo,MEI,7.0,0.0,0.0,0.0,0.0,28.542383810347825,10.895859524490506,0.0,0.0,0.0,0,13,43.93008103934686,51.46518602047724,51.46518602047724,visitante,0.0,0.0,0,0.0,0.0,0.0,0,0,0.0
3875,17,100761,Liziero,Coritiba,MEI,4.0,0.0,0.0,0.0,0.0,33.14967164923238,10.895859524490506,0.0,2.0126444100791407,0.2545576996075243,0,10,17.80389281930546,30.16898230099481,17.80389281930546,mandante,2.4625,0.0,0,0.0,0.0,0.0,0,0,0.0
3874,17,111763,JP Galvão,Botafogo,MEI,1.0,0.0,0.0,0.0,0.0,28.12040044555339,11.256337924258345,0.0,0.0,0.0,0,13,43.93008103934686,51.46518602047724,51.46518602047724,visitante,0.0,0.0,0,0.0,0.0,0.0,0,0,0.0
3904,17,118843,Jacob Montes,Botafogo,MEI,3.0,0.0,0.0,0.0,0.0,27.792492953783285,6.5749811198619055,0.0,0.0,0.0,0,13,43.93008103934686,51.46518602047724,51.46518602047724,visitante,0.0,0.0,0,0.0,0.0,0.0,0,0,0.0
3905,17,116282,Gabriel Silva,Coritiba,MEI,1.0,0.0,0.0,0.0,0.0,28.542383810347825,10.895859524490506,0.0,0.0,0.0,0,10,17.80389281930546,30.16898230099481,17.80389281930546,mandante,0.0,0.0,0,0.0,0.0,0.0,0,0,0.0
3906,17,124834,Ruan Assis,Coritiba,MEI,2.04,0.0,0.0,10.0,0.0,28.52693469784355,10.961557483997877,1.6670000000000005,1.1984899481488225,0.5332231404958677,0,10,17.80389281930546,30.16898230099481,17.80389281930546,mandante,3.875,0.0,0,0.0,0.0,0.0,0,0,0.0
3907,17,110947,Gustavo Apis,Fluminense,MEI,2.0,0.0,0.0,0.0,0.0,28.542383810347825,10.895859524490506,0.0,0.0,0.0,0,7,31.387610482088785,30.16898230099481,31.387610482088785,mandante,0.0,0.0,0,0.0,0.0,0.0,0,0,0.0
3936,17,85315,Cantillo,Corinthians,MEI,8.32,0.0,0.0,0.0,0.0,31.6565706615589,10.895859524490506,0.520625,1.0873283487269705,0.13088235294117648,0,8,43.93008103934686,26.88642657966906,26.88642657966906,visitante,0.0,4.0625,0,0.0,0.0,0.0,0,0,0.0
3935,17,91254,Carballo,Grêmio,MEI,4.04,0.0,0.0,0.0,0.0,30.988157871606322,10.895859524490506,3.693125,1.3506964850959404,0.20545633980112712,0,8,43.93008103934686,58.22074717959054,58.22074717959054,visitante,0.0,3.2729166666666667,0,3.266666666666667,1.3,3.266666666666667,0,0,0.0
3934,17,89637,Thiago Maia,Flamengo,MEI,5.67,0.0,0.13,0.0,0.0,38.1899914683361,10.895859524490506,0.8405882352941176,2.2534569081168283,0.21948858728538312,0,9,43.93008103934686,41.30859449800376,41.30859449800376,visitante,0.0,2.205555555555556,0,0.5,0.15999999999999998,0.5,0,0,0.0
3933,17,121235,Simioni,Goiás,MEI,1.0,0.0,0.0,0.0,0.0,27.839905898996605,11.579473216390596,0.0,0.0,0.0,0,5,32.722730630932496,30.16898230099481,32.722730630932496,mandante,0.0,0.0,0,0.0,0.0,0.0,0,0,0.0
3932,17,91473,Erick Pulgar,Flamengo,MEI,4.08,0.0,0.0,11.23,3.1512605042016806,31.60761461973689,10.895859524490506,2.7864705882352943,2.6655677045428634,0.4911472140009743,0,9,43.93008103934686,41.30859449800376,41.30859449800376,visitante,0.0,3.86,0,-0.2,4.05,-0.2,0,0,0.0
3929,17,124690,Paulo Vitor,Atlético-MG,MEI,1.04,0.0,0.0,0.0,0.0,27.847596219199577,12.063420651643069,0.0,0.14159715533586545,0.07857142857142857,0,2,43.93008103934686,20.68600323441277,20.68600323441277,visitante,0.0,0.0,0,0.0,0.0,0.0,0,0,0.0
3927,17,98706,Pedrinho,Atlético-MG,MEI,3.85,0.0,0.0,0.0,0.0,28.67591392490261,10.895859524490506,0.42,0.2756222702794385,0.03673371682545256,0,2,43.93008103934686,20.68600323441277,20.68600323441277,visitante,0.0,2.452777777777777,0,0.9,0.85,0.9,0,0,0.0
3926,17,63289,Edenílson,Atlético-MG,MEI,5.38,0.0,0.0,11.764705882352944,0.0,33.836873712285545,10.895859524490506,1.2605882352941176,3.2014586778611713,0.3443749366130152,0,2,43.93008103934686,20.68600323441277,20.68600323441277,visitante,0.0,3.359027777777777,0,1.25,3.3000000000000003,1.25,0,0,0.0
3925,17,83433,Patrick,Atlético-MG,MEI,5.86,0.0,0.0,0.0,0.0,36.950248515951564,10.895859524490506,2.0588235294117645,2.6714158504007117,0.22521461086572184,0,2,43.93008103934686,20.68600323441277,20.68600323441277,visitante,0.0,3.077777777777777,0,0.0,1.45,0.0,0,0,0.0
3757,17,86388,Alê,América-MG,MEI,5.59,4.2,0.26,4.9017647058823535,3.5294117647058822,30.284488200069138,10.895859524490506,2.779375,3.9257570071875976,0.2889532453080713,0,3,43.93008103934686,26.068996181365318,26.068996181365318,visitante,0.0,3.50375,0,2.0500000000000003,2.9,2.0500000000000003,0,0,0.0
3923,17,108201,Gustavinho,Grêmio,MEI,2.85,0.0,0.0,0.0,0.0,28.542383810347825,10.895859524490506,0.0,0.05155330095786032,0.007352941176470587,0,8,43.93008103934686,58.22074717959054,58.22074717959054,visitante,0.0,0.0,0,0.0,0.0,0.0,0,0,0.0
3922,17,105294,De Lucca,Vasco,MEI,3.0,0.0,0.0,0.0,0.0,28.542383810347825,10.895859524490506,0.0,0.0,0.0,0,1,18.328328312270585,30.16898230099481,18.328328312270585,mandante,0.0,0.0,0,0.0,0.0,0.0,0,0,0.0
3758,17,68991,Lucas Sasha,Fortaleza,MEI,6.02,3.8,0.32,0.0,0.0,36.58317990638168,10.895859524490506,2.304117647058824,3.0016975116962694,0.2678691745582591,0,3,43.93008103934686,37.34678879993507,37.34678879993507,visitante,0.0,4.5525,0,1.9,1.9,1.9,0,0,0.0
3920,17,101573,Pepê,Grêmio,MEI,7.23,0.0,0.0,0.0,0.0,31.90372834816295,10.895859524490506,0.520625,1.0826193201150671,0.08823529411764706,0,8,43.93008103934686,58.22074717959054,58.22074717959054,visitante,0.0,6.3125,0,0.0,0.0,0.0,0,0,0.0
3919,17,106371,Jhonata Robert,Grêmio,MEI,4.0,0.0,0.0,0.0,0.0,28.542383810347825,10.895859524490506,0.0,0.0,0.0,0,8,43.93008103934686,58.22074717959054,58.22074717959054,visitante,0.0,0.0,0,0.0,0.0,0.0,0,0,0.0
3759,17,69355,Medel,Vasco,MEI,4.82,3.6,0.47,0.0,0.0,36.047452982936846,9.676250584385228,0.0,4.2815449117764715,0.3322959889349931,0,1,18.328328312270585,30.16898230099481,18.328328312270585,mandante,2.821428571428572,0.0,0,1.5,3.6,1.5,0,0,0.0
3917,17,121242,Alan,Goiás,MEI,1.0,0.0,0.0,0.0,0.0,28.542383810347825,10.895859524490506,0.0,0.0,0.0,0,5,32.722730630932496,30.16898230099481,32.722730630932496,mandante,0.0,0.0,0,0.0,0.0,0.0,0,0,0.0
3915,17,107375,Dodô,Goiás,MEI,1.33,0.0,0.0,7.142857142857142,1.1904761904761902,29.094761752079396,12.063420651643069,0.51,1.5353747146629169,0.9291100674981906,0,5,32.722730630932496,30.16898230099481,32.722730630932496,mandante,4.025,0.0,0,5.75,0.0,5.75,0,0,0.0
3914,17,97908,Luís Oyama,Goiás,MEI,5.19,0.0,0.0,0.0,0.0,36.36724281885572,8.218726399827382,0.0,2.370799191758916,0.2289893617021277,0,5,32.722730630932496,30.16898230099481,32.722730630932496,mandante,4.55,0.0,0,3.6,0.9,3.6,0,0,0.0
3913,17,103987,Higor Meritão,Goiás,MEI,1.44,0.0,0.0,0.0,0.0,27.333208784821693,8.218726399827382,0.0,0.0,0.0,0,5,32.722730630932496,30.16898230099481,32.722730630932496,mandante,0.0,0.0,0,0.0,0.0,0.0,0,0,0.0
3912,17,107261,Nathan,Goiás,MEI,1.0,0.0,0.0,0.0,0.0,28.542383810347825,10.895859524490506,0.0,0.0,0.0,0,5,32.722730630932496,30.16898230099481,32.722730630932496,mandante,0.0,0.0,0,0.0,0.0,0.0,0,0,0.0
3762,17,93108,Mateus Vital,Cruzeiro,MEI,6.630000000000001,3.4,0.1,5.882352941176472,0.0,32.621547007158085,10.895859524490506,7.648823529411764,4.164970703217439,0.4507405033823064,0,6,17.572699629610252,30.16898230099481,17.572699629610252,mandante,2.38125,0.0,0,2.425,1.8,2.425,0,0,0.0
3910,17,122439,Isaac,Fluminense,MEI,0.95,0.0,0.0,0.0,0.0,29.111643772397162,10.895859524490506,0.0,0.26432753118085883,0.18788256043158005,0,7,31.387610482088785,30.16898230099481,31.387610482088785,mandante,0.0,0.0,0,0.0,0.0,0.0,0,0,0.0
3909,17,111841,Arthur,Fluminense,MEI,1.04,0.0,0.0,0.0,0.0,28.59748165657236,11.579473216390596,0.0,0.16642844555831848,0.1,0,7,31.387610482088785,30.16898230099481,31.387610482088785,mandante,0.0,0.0,0,0.0,0.0,0.0,0,0,0.0
3908,17,125551,Jean Gabriel,Coritiba,MEI,1.0,0.0,0.0,0.0,0.0,27.792492953783285,6.5749811198619055,0.0,0.0,0.0,0,10,17.80389281930546,30.16898230099481,17.80389281930546,mandante,0.0,0.0,0,0.0,0.0,0.0,0,0,0.0
3873,17,70986,Léo Cittadini,Bahia,MEI,1.85,0.0,0.0,0.0,0.0,27.059845909124803,10.895859524490506,1.301875,0.2845185000507863,0.10992718303589917,0,3,48.4489626742781,30.16898230099481,48.4489626742781,mandante,0.0,1.9236111111111112,0,0.0,0.0,0.0,0,0,0.0
3871,17,63058,Willian Farias,Coritiba,MEI,3.8,0.0,0.0,0.0,0.0,30.28017696682611,10.895859524490506,0.0,0.8300736832529795,0.14478915255829794,0,10,17.80389281930546,30.16898230099481,17.80389281930546,mandante,3.1125,0.0,0,0.0,0.0,0.0,0,0,0.0
1929,17,105566,Riquelme,Vasco,LAT,3.0,0.0,0.0,0.0,0.0,28.542383810347825,10.895859524490506,0.0,0.0,0.0,0,1,18.328328312270585,30.16898230099481,18.328328312270585,mandante,0.0,0.0,0,0.0,0.0,0.0,0,0,0.0
3825,17,115997,Mateus Henrique,América-MG,MEI,0.93,0.0,0.0,0.0,0.0,27.95377901824161,11.363653656781285,0.0,0.3791924381942568,0.15335968379446646,0,3,43.93008103934686,26.068996181365318,26.068996181365318,visitante,0.0,1.39375,0,0.0,0.0,0.0,0,0,0.0
3838,17,116046,Vitor Graziani,Atlético-MG,MEI,1.0,0.0,0.0,0.0,0.0,28.542383810347825,10.895859524490506,0.0,0.0,0.0,0,2,43.93008103934686,20.68600323441277,20.68600323441277,visitante,0.0,0.0,0,0.0,0.0,0.0,0,0,0.0
3780,17,93550,Benítez,América-MG,MEI,6.24,1.8,0.33,5.0711764705882345,0.0,30.34433756676079,10.895859524490506,5.57125,4.488641283953467,0.2726850264681219,0,3,43.93008103934686,26.068996181365318,26.068996181365318,visitante,0.0,2.94375,0,2.75,3.85,2.75,0,0,0.0
3836,17,95662,Lucas Kal,América-MG,MEI,2.1100000000000003,0.0,0.05,0.0,0.0,28.24960427098375,10.895859524490506,2.5,0.7072135785007072,0.10603805669491777,0,3,43.93008103934686,26.068996181365318,26.068996181365318,visitante,0.0,1.72375,0,0.3,-0.3333333333333333,0.3,0,0,0.0
3835,17,88597,Lucas Crispim,Fortaleza,MEI,3.55,0.0,0.0,0.0,0.0,29.485220622492037,10.895859524490506,0.8823529411764706,0.7038463130874011,0.09720725519947476,0,3,43.93008103934686,37.34678879993507,37.34678879993507,visitante,0.0,2.995833333333333,0,1.5,0.6,1.5,0,0,0.0
3834,17,103695,Jadsom Silva,Bragantino,MEI,2.99,0.0,0.0,0.0,0.0,35.557279735874936,10.895859524490506,1.2070588235294115,1.5422236991215288,0.574936490495867,0,8,43.93008103934686,59.926175380021455,59.926175380021455,visitante,0.0,3.50875,0,2.833333333333333,1.9,2.833333333333333,0,0,0.0
3833,17,107039,José Ricardo,Cuiabá,MEI,1.51,0.0,0.0,0.0,0.0,28.542383810347825,10.895859524490506,0.0,0.05450898308041165,0.014705882352941175,0,13,32.09900028725026,30.16898230099481,32.09900028725026,mandante,0.9166666666666666,0.0,0,0.0,0.0,0.0,0,0,0.0
3831,17,108163,Javier Méndez,América-MG,MEI,4.0,0.0,0.0,0.0,0.0,28.57142857142857,2.1739130434782608,0.0,0.0,0.0,0,3,43.93008103934686,26.068996181365318,26.068996181365318,visitante,0.0,0.0,0,0.0,0.0,0.0,0,0,0.0
3830,17,78605,Gabriel,Internacional,MEI,4.28,0.0,0.0,0.0,0.0,28.542383810347825,10.895859524490506,0.0,0.0,0.0,0,3,34.96114698259281,30.16898230099481,34.96114698259281,mandante,4.077777777777778,0.0,0,0.0,0.0,0.0,0,0,0.0
3829,17,126010,Yani Quintero,Bragantino,MEI,2.0,0.0,0.0,0.0,0.0,25.333167268651138,9.676250584385228,0.0,0.0,0.0,0,8,43.93008103934686,59.926175380021455,59.926175380021455,visitante,0.0,0.0,0,0.0,0.0,0.0,0,0,0.0
3828,17,116012,Matheus Gonçalves,Bragantino,MEI,2.69,0.0,0.0,0.0,0.0,28.1628771689816,10.895859524490506,0.3675,0.13974501740510487,0.02205882352941177,0,8,43.93008103934686,59.926175380021455,59.926175380021455,visitante,0.0,3.5,0,0.0,0.0,0.0,0,0,0.0
3786,17,107416,Luan Dias,Santos,MEI,2.28,1.6,-0.01,0.0,0.0,28.97544766845913,10.895859524490506,0.0,0.5203687184061849,0.1702093907202071,0,4,30.353273442413386,30.16898230099481,30.353273442413386,mandante,1.5525,0.0,0,0.5,2.25,0.5,0,0,0.0
3826,17,115563,Rodriguinho,América-MG,MEI,2.14,0.0,0.0,0.0,0.0,28.542383810347825,10.895859524490506,0.0,0.07216465086741908,0.013939224979091159,0,3,43.93008103934686,26.068996181365318,26.068996181365318,visitante,0.0,2.6875,0,0.0,0.0,0.0,0,0,0.0
3824,17,92496,Raul,Bragantino,MEI,5.0,0.0,0.0,0.0,0.0,28.542383810347825,10.895859524490506,0.0,0.0,0.0,0,8,43.93008103934686,59.926175380021455,59.926175380021455,visitante,0.0,0.0,0,0.0,0.0,0.0,0,0,0.0
3775,17,94845,Battaglia,Atlético-MG,MEI,5.17,2.2,-0.41,0.0,0.0,28.23080030900332,10.895859524490506,5.843529411764706,2.5866089980070393,0.30545048076970743,0,2,43.93008103934686,20.68600323441277,20.68600323441277,visitante,0.0,2.9992063492063488,0,1.5666666666666669,2.8666666666666667,1.5666666666666669,0,0,0.0
3787,17,123360,Cauly,Bahia,MEI,6.84,1.6,-0.59,5.446470588235294,0.0,28.831776372036405,10.895859524490506,12.300588235294118,5.180895040520052,0.497483230182064,0,3,48.4489626742781,30.16898230099481,48.4489626742781,mandante,3.29375,0.0,0,3.2,1.8333333333333333,3.2,0,0,0.0
3790,17,82463,Otávio,Atlético-MG,MEI,3.92,1.5,0.01,0.0,0.0,34.782616676320174,10.895859524490506,0.8823529411764706,1.7703430437179326,0.21804876845246712,0,2,43.93008103934686,20.68600323441277,20.68600323441277,visitante,0.0,3.515277777777777,0,1.5,3.55,1.5,0,0,0.0
3791,17,80583,Lucas Lima,Santos,MEI,8.05,1.5,-0.86,27.738823529411764,2.9411764705882355,31.58109948627864,10.895859524490506,3.322941176470588,6.563017713775965,0.5798120664998627,0,4,30.353273442413386,30.16898230099481,30.353273442413386,mandante,4.134722222222223,0.0,0,4.6,1.4666666666666668,4.6,0,0,0.0
3820,17,121237,Kauan,Fortaleza,MEI,2.0,0.2,-0.52,0.0,0.0,28.122215743120933,10.895859524490506,0.0,0.02513736832455004,0.005882352941176471,0,3,43.93008103934686,37.34678879993507,37.34678879993507,visitante,0.0,5.125,0,0.2,0.0,0.2,0,0,0.0
3818,17,110055,Segovia,Botafogo,MEI,4.66,0.5,-0.32,5.882352941176472,0.0,37.74865968681858,10.895859524490506,1.4705882352941178,2.045854836600803,0.3574613677123968,0,13,43.93008103934686,51.46518602047724,51.46518602047724,visitante,0.0,4.4,0,1.6,1.9,1.6,0,0,0.0
3816,17,125926,Zapelli,Athletico-PR,MEI,5.0,0.5,-1.23,0.0,0.0,27.188940092165893,10.764375876577839,0.0,0.3924393104148776,0.05,0,8,43.93008103934686,45.517941785667155,45.517941785667155,visitante,0.0,3.2222222222222223,0,0.5,0.0,0.5,0,0,0.0
3815,17,123713,Luis Guilherme,Palmeiras,MEI,2.73,0.5,-0.76,5.882352941176472,0.0,28.152619534407638,10.895859524490506,1.8411764705882356,1.5468929550075134,0.6158443267501316,0,9,43.93008103934686,39.84300076271127,39.84300076271127,visitante,0.0,2.7522222222222226,0,2.8000000000000003,1.3666666666666665,2.8000000000000003,0,0,0.0
3814,17,39656,Alan Franco,Atlético-MG,MEI,3.71,0.6,-0.29,0.0,0.0,28.159288320578643,6.5749811198619055,0.0,0.3964720349404232,0.05234501347708896,0,2,43.93008103934686,20.68600323441277,20.68600323441277,visitante,0.0,2.2777777777777777,0,0.6,0.5,0.6,0,0,0.0
3811,17,122394,Gustavinho,Bragantino,MEI,2.17,0.8,0.11,0.0,0.0,29.912119704718947,10.895859524490506,1.2729411764705882,0.7072075526358392,0.20229473449614388,0,8,43.93008103934686,59.926175380021455,59.926175380021455,visitante,0.0,2.70625,0,0.4666666666666666,0.65,0.4666666666666666,0,0,0.0
3809,17,90634,Lucas Mineiro,Cuiabá,MEI,3.37,0.9,-0.17,0.0,0.0,30.6454207663885,8.218726399827382,0.0,1.2046485260770976,0.17301557863501482,0,13,32.09900028725026,30.16898230099481,32.09900028725026,mandante,1.5166666666666666,0.0,0,1.7,0.9,1.7,0,0,0.0
3808,17,118563,Rodriguinho,São Paulo,MEI,1.2400000000000002,0.9,-0.14,0.0,0.0,28.63203628882815,11.579473216390596,1.515,0.8519815441720906,0.6799882944195339,0,8,49.10198009508934,30.16898230099481,49.10198009508934,mandante,2.3844444444444446,0.0,0,1.0666666666666669,0.25,1.0666666666666669,0,0,0.0
3799,17,107800,Fernando Henrique,Cruzeiro,MEI,3.0,1.2,-0.63,0.0,0.0,29.172635911188163,10.895859524490506,0.0,0.11359011008774834,0.023529411764705882,0,6,17.572699629610252,30.16898230099481,17.572699629610252,mandante,0.0,0.0,0,0.0,0.0,0.0,0,0,0.0
3840,17,124917,Rafa Barcelos,América-MG,MEI,1.0,0.0,0.0,0.0,0.0,29.00299141511236,10.274746410791293,0.0,0.0,0.0,0,3,43.93008103934686,26.068996181365318,26.068996181365318,visitante,0.0,0.0,0,0.0,0.0,0.0,0,0,0.0
3841,17,104521,Vinícius Zanocelo,Fortaleza,MEI,3.32,0.0,0.0,0.0,0.0,30.067120034923548,10.895859524490506,0.4523529411764706,0.4243779240674037,0.04358533776752475,0,3,43.93008103934686,37.34678879993507,37.34678879993507,visitante,0.0,2.975,0,0.0,0.0,0.0,0,0,0.0
3842,17,118709,Calebe,Cuiabá,MEI,1.0,0.0,0.0,0.0,0.0,29.00299141511236,10.274746410791293,0.0,0.0,0.0,0,13,32.09900028725026,30.16898230099481,32.09900028725026,mandante,0.0,0.0,0,0.0,0.0,0.0,0,0,0.0
3843,17,114888,Luciano,Bragantino,MEI,2.0,0.0,0.0,0.0,0.0,28.542383810347825,10.895859524490506,0.0,0.0,0.0,0,8,43.93008103934686,59.926175380021455,59.926175380021455,visitante,0.0,0.0,0,0.0,0.0,0.0,0,0,0.0
3869,17,81121,Lucas Mugni,Bahia,MEI,3.48,0.0,0.0,0.0,0.0,30.13562482609213,10.895859524490506,1.1276470588235294,0.8289432064832083,0.15267378649137134,0,3,48.4489626742781,30.16898230099481,48.4489626742781,mandante,1.7208333333333332,0.0,0,0.8,2.95,0.8,0,0,0.0
3868,17,107796,Diego Rosa,Bahia,MEI,2.12,0.0,0.0,0.0,0.0,29.930519350732503,10.895859524490506,1.7111764705882353,0.8289432064832084,0.19641941181114855,0,3,48.4489626742781,30.16898230099481,48.4489626742781,mandante,2.1875,0.0,0,1.2,0.0,1.2,0,0,0.0
3867,17,100085,Pedro Augusto,Fortaleza,MEI,3.0,0.0,0.0,0.0,0.0,25.333167268651138,9.676250584385228,0.0,0.0,0.0,0,3,43.93008103934686,37.34678879993507,37.34678879993507,visitante,0.0,0.0,0,0.0,0.0,0.0,0,0,0.0
3866,17,111760,Fabinho,Palmeiras,MEI,2.91,0.0,0.0,0.0,0.0,30.826056509245443,10.895859524490506,0.4523529411764706,0.954653937947494,0.1996625492496434,0,9,43.93008103934686,39.84300076271127,39.84300076271127,visitante,0.0,2.9347222222222222,0,0.0,0.2,0.0,0,0,0.0
3865,17,90290,Jailson,Palmeiras,MEI,3.95,0.0,0.0,0.0,0.0,28.542383810347825,10.895859524490506,0.49,0.07071510651462919,0.01115137998327293,0,9,43.93008103934686,39.84300076271127,39.84300076271127,visitante,0.0,4.4444444444444455,0,0.8,0.0,0.8,0,0,0.0
3864,17,78715,Ramiro,Cruzeiro,MEI,5.62,0.0,0.0,10.953529411764707,1.1764705882352942,30.973145330642218,10.895859524490506,2.4188235294117653,2.158212091667219,0.2922843326464699,0,6,17.572699629610252,30.16898230099481,17.572699629610252,mandante,2.3833333333333337,0.0,0,0.0,0.0,0.0,0,0,0.0
3776,17,126182,Paulinho,Vasco,MEI,4.0,2.1,-0.21,0.0,0.0,17.857142857142858,2.1739130434782608,11.11,5.28896724395917,0.525,0,1,18.328328312270585,30.16898230099481,18.328328312270585,mandante,0.0,0.0,0,0.0,0.0,0.0,0,0,0.0
3862,17,104502,Christian,Athletico-PR,MEI,10.5,0.0,0.0,23.529411764705888,5.3921568627450975,30.96224281855376,10.895859524490506,7.688823529411764,6.0758839118350485,0.4957353767169246,0,8,43.93008103934686,45.517941785667155,45.517941785667155,visitante,0.0,4.627777777777778,0,2.333333333333333,5.0,2.333333333333333,0,0,0.0
3777,17,109573,Martinelli,Fluminense,MEI,4.58,2.0,0.26,5.882352941176472,1.96078431372549,29.1963295875635,10.895859524490506,2.5517647058823525,2.369157872065475,0.3092924293889646,0,7,31.387610482088785,30.16898230099481,31.387610482088785,mandante,3.0861111111111112,0.0,0,2.72,2.6,2.72,0,0,0.0
3860,17,122598,Amorim,Fortaleza,MEI,2.0,0.0,0.0,0.0,0.0,28.542383810347825,10.895859524490506,0.0,0.0,0.0,0,3,43.93008103934686,37.34678879993507,37.34678879993507,visitante,0.0,0.0,0,0.0,0.0,0.0,0,0,0.0
3859,17,106000,Lucas Ramos,Internacional,MEI,2.81,0.0,0.0,0.0,0.0,28.542383810347825,10.895859524490506,0.0,0.0,0.0,0,3,34.96114698259281,30.16898230099481,34.96114698259281,mandante,4.077777777777778,0.0,0,0.0,0.0,0.0,0,0,0.0
3858,17,117870,Estevão,Internacional,MEI,2.11,0.0,0.0,0.0,0.0,28.1628771689816,10.895859524490506,0.0,0.02202449123425249,0.0039215686274509795,0,3,34.96114698259281,30.16898230099481,34.96114698259281,mandante,2.1388888888888893,0.0,0,0.0,0.0,0.0,0,0,0.0
3857,17,116432,Daniel Junior,Cruzeiro,MEI,2.62,0.0,0.0,0.0,0.0,28.174736751524296,10.895859524490506,0.2676470588235294,0.2839752752193709,0.05802513824203157,0,6,17.572699629610252,30.16898230099481,17.572699629610252,mandante,1.125,0.0,0,1.0,0.0,1.0,0,0,0.0
3856,17,106219,Kawan,Athletico-PR,MEI,2.0,0.0,0.0,0.0,0.0,28.542383810347825,10.895859524490506,0.0,0.0,0.0,0,8,43.93008103934686,45.517941785667155,45.517941785667155,visitante,0.0,0.0,0,0.0,0.0,0.0,0,0,0.0
3855,17,125746,Dudu,Athletico-PR,MEI,1.0,0.0,0.0,0.0,0.0,27.333208784821693,8.218726399827382,0.0,0.0,0.0,0,8,43.93008103934686,45.517941785667155,45.517941785667155,visitante,0.0,0.0,0,0.0,0.0,0.0,0,0,0.0
3854,17,96754,Atuesta,Palmeiras,MEI,5.0,0.0,0.0,0.0,0.0,28.542383810347825,10.895859524490506,0.0,0.0,0.0,0,9,43.93008103934686,39.84300076271127,39.84300076271127,visitante,0.0,0.0,0,0.0,0.0,0.0,0,0,0.0
3853,17,86859,José Welison,Fortaleza,MEI,2.8,0.0,0.0,0.0,0.0,28.60262970518117,10.895859524490506,2.2952941176470585,1.0247174264066576,0.21193538019348845,0,3,43.93008103934686,37.34678879993507,37.34678879993507,visitante,0.0,2.85,0,3.1,0.4666666666666667,3.1,0,0,0.0
3852,17,109102,Daniel Martins,Athletico-PR,MEI,1.0,0.0,0.0,0.0,0.0,28.542383810347825,10.895859524490506,0.0,0.0,0.0,0,8,43.93008103934686,45.517941785667155,45.517941785667155,visitante,0.0,0.0,0,0.0,0.0,0.0,0,0,0.0
3851,17,96610,Matheus Pereira,Cruzeiro,MEI,7.0,0.0,-1.96,0.0,0.0,27.188940092165893,10.764375876577839,0.0,0.0,0.0,0,6,17.572699629610252,30.16898230099481,17.572699629610252,mandante,0.0,0.0,0,0.0,0.0,0.0,0,0,0.0
3850,17,118175,Nathan Camargo,Bragantino,MEI,1.53,0.0,0.0,0.0,0.0,28.542383810347825,10.895859524490506,0.0,0.04260286461661681,0.014705882352941175,0,8,43.93008103934686,59.926175380021455,59.926175380021455,visitante,0.0,4.9375,0,0.5,0.0,0.5,0,0,0.0
3849,17,85465,Alex Santana,Athletico-PR,MEI,4.54,0.0,0.0,5.3476470588235285,2.9411764705882355,28.21772312751813,10.895859524490506,4.882352941176472,1.9760473512655017,0.2909543892076586,0,8,43.93008103934686,45.517941785667155,45.517941785667155,visitante,0.0,2.4444444444444438,0,3.6,1.2,3.6,0,0,0.0
3848,17,109412,Ian Luccas,Cruzeiro,MEI,3.09,0.0,0.0,0.0,0.0,29.413843505336928,10.895859524490506,0.0,0.11359011008774834,0.017647058823529408,0,6,17.572699629610252,30.16898230099481,17.572699629610252,mandante,1.35,0.0,0,1.2,0.0,1.2,0,0,0.0
3847,17,123610,Pedro Lima,Palmeiras,MEI,1.0,0.0,0.0,0.0,0.0,28.542383810347825,10.895859524490506,0.0,0.0,0.0,0,9,43.93008103934686,39.84300076271127,39.84300076271127,visitante,0.0,0.0,0,0.0,0.0,0.0,0,0,0.0
3846,17,85931,Hyoran,Atlético-MG,MEI,5.95,0.0,0.0,11.764705882352944,2.156862745098039,28.274174610407968,10.895859524490506,9.768823529411764,4.123733197642369,0.4571857235642766,0,2,43.93008103934686,20.68600323441277,20.68600323441277,visitante,0.0,3.784920634920635,0,0.0,0.0,0.0,0,0,0.0
3844,17,107809,Matheus Dias,Internacional,MEI,1.61,0.0,0.0,0.0,0.0,28.96770845466243,10.895859524490506,0.0,0.29733063166240864,0.046838091559366565,0,3,34.96114698259281,30.16898230099481,34.96114698259281,mandante,2.463888888888889,0.0,0,0.0,0.0,0.0,0,0,0.0
3937,17,105585,Roni,Corinthians,MEI,2.55,0.0,0.0,0.0,0.0,32.27075975102425,10.895859524490506,1.260625,1.8692273860137807,0.4098367618438183,0,8,43.93008103934686,26.88642657966906,26.88642657966906,visitante,0.0,2.80125,0,1.8,2.9,1.8,0,0,0.0
3938,17,125487,Gabriel Moscardo,Corinthians,MEI,2.41,0.0,0.0,0.0,0.0,38.90360406489439,6.5749811198619055,0.0,2.201534476860675,0.8434965034965034,0,8,43.93008103934686,26.88642657966906,26.88642657966906,visitante,0.0,3.83125,0,1.7,3.6,1.7,0,0,0.0
3939,17,122396,Ryan,Corinthians,MEI,1.0,0.0,0.0,0.0,0.0,27.792492953783285,6.5749811198619055,0.0,0.0,0.0,0,8,43.93008103934686,26.88642657966906,26.88642657966906,visitante,0.0,0.0,0,0.0,0.0,0.0,0,0,0.0
1885,17,114497,Juan Tavares,Cuiabá,LAT,1.0,0.0,0.0,0.0,0.0,29.00299141511236,10.274746410791293,0.0,0.0,0.0,0,13,32.09900028725026,30.16898230099481,32.09900028725026,mandante,0.0,0.0,0,0.0,0.0,0.0,0,0,0.0
1897,17,102975,Escobar,Fortaleza,LAT,4.0,0.0,0.0,0.0,0.0,27.792492953783285,6.5749811198619055,0.0,0.0,0.0,0,3,43.93008103934686,37.34678879993507,37.34678879993507,visitante,0.0,0.0,0,0.0,0.0,0.0,0,0,0.0
1896,17,124249,Léo Santos,Atlético-MG,LAT,1.0,0.0,0.0,0.0,0.0,28.542383810347825,10.895859524490506,0.0,0.0,0.0,0,2,43.93008103934686,20.68600323441277,20.68600323441277,visitante,0.0,0.0,0,0.0,0.0,0.0,0,0,0.0
1895,17,93797,Marcinho,América-MG,LAT,2.83,0.0,0.0,0.0,0.0,31.454740930811997,10.895859524490506,3.046875,2.0639090148081856,0.28310462945567644,0,3,43.93008103934686,26.068996181365318,26.068996181365318,visitante,0.0,1.93375,0,4.2,2.75,4.2,0,0,0.0
1894,17,124313,Ian,Palmeiras,LAT,1.0,0.0,0.0,0.0,0.0,28.542383810347825,10.895859524490506,0.0,0.0,0.0,0,9,43.93008103934686,39.84300076271127,39.84300076271127,visitante,0.0,0.0,0,0.0,0.0,0.0,0,0,0.0
1893,17,107191,Leonardo Ataíde,Athletico-PR,LAT,1.0,0.0,0.0,0.0,0.0,27.333208784821693,8.218726399827382,0.0,0.0,0.0,0,8,43.93008103934686,45.517941785667155,45.517941785667155,visitante,0.0,0.0,0,0.0,0.0,0.0,0,0,0.0
1892,17,110668,Esquivel,Athletico-PR,LAT,3.94,0.0,-0.78,0.0,0.0,30.514833518352322,10.910947127637167,1.3888888888888888,2.651145563691617,0.5494153431635671,0,8,43.93008103934686,45.517941785667155,45.517941785667155,visitante,0.0,3.511111111111111,0,3.8,3.8,3.8,0,0,0.0
1891,17,107186,Vinicius Kauê,Athletico-PR,LAT,0.97,0.0,0.0,0.0,0.0,29.305955281712656,11.579473216390596,0.0,0.2616262069432517,0.17573260073260075,0,8,43.93008103934686,45.517941785667155,45.517941785667155,visitante,0.0,0.0,0,0.0,0.0,0.0,0,0,0.0
2993,17,123648,Lucas Ronier,Coritiba,ATA,1.0,0.0,0.0,0.0,0.0,27.333208784821693,8.218726399827382,0.0,0.0,0.0,0,10,17.80389281930546,30.16898230099481,17.80389281930546,mandante,0.0,0.0,0,0.0,0.0,0.0,0,0,0.0
2994,17,110632,Luiz Filipe,Goiás,ATA,2.0,0.0,0.0,0.0,0.0,28.542383810347825,10.895859524490506,0.0,0.0,0.0,0,5,32.722730630932496,30.16898230099481,32.722730630932496,mandante,0.0,0.0,0,0.0,0.0,0.0,0,0,0.0
2995,17,110928,Lucão,Goiás,ATA,1.37,0.0,0.0,0.0,0.0,28.10665396285327,10.895859524490506,0.0,0.037189006929551634,0.006187929717341482,0,5,32.722730630932496,30.16898230099481,32.722730630932496,mandante,0.0,0.0,0,0.0,0.0,0.0,0,0,0.0
1887,17,86864,Marlon,América-MG,LAT,5.79,0.0,0.0,5.882352941176472,0.0,35.24100037055608,11.054842036414197,0.9375,4.7917328175966265,0.3978055220363889,0,3,43.93008103934686,26.068996181365318,26.068996181365318,visitante,0.0,3.13375,0,0.0,0.0,0.0,0,0,0.0
1886,17,91190,PK,Cuiabá,LAT,4.04,0.0,0.0,0.0,0.0,30.852885052998303,11.046689087084776,1.4941176470588236,1.4826443397871971,0.2283437411404176,0,13,32.09900028725026,30.16898230099481,32.09900028725026,mandante,0.9416666666666668,0.0,0,0.0,0.0,0.0,0,0,0.0
1884,17,113154,Kauan,Atlético-MG,LAT,1.0,0.0,0.0,0.0,0.0,28.542383810347825,10.895859524490506,0.0,0.0,0.0,0,2,43.93008103934686,20.68600323441277,20.68600323441277,visitante,0.0,0.0,0,0.0,0.0,0.0,0,0,0.0
3752,17,90449,Rezende,Bahia,MEI,5.93,4.8,0.77,0.0,0.0,43.09250163080449,10.895859524490506,2.254705882352941,4.373766128944296,0.3859045948757893,0,3,48.4489626742781,30.16898230099481,48.4489626742781,mandante,2.8875,0.0,0,1.6666666666666667,1.9,1.6666666666666667,0,0,0.0
2996,17,108211,Breno,Goiás,ATA,1.0,0.0,0.0,0.0,0.0,28.542383810347825,10.895859524490506,0.0,0.0,0.0,0,5,32.722730630932496,30.16898230099481,32.722730630932496,mandante,0.0,0.0,0,0.0,0.0,0.0,0,0,0.0
1882,17,116825,Jhonny,Bragantino,LAT,1.0,0.0,0.0,0.0,0.0,28.542383810347825,10.895859524490506,0.0,0.0,0.0,0,8,43.93008103934686,59.926175380021455,59.926175380021455,visitante,0.0,0.0,0,0.0,0.0,0.0,0,0,0.0
1881,17,115870,Jonathan,Bragantino,LAT,1.0,0.0,0.0,0.0,0.0,28.542383810347825,10.895859524490506,0.0,0.0,0.0,0,8,43.93008103934686,59.926175380021455,59.926175380021455,visitante,0.0,0.0,0,0.0,0.0,0.0,0,0,0.0
1880,17,124267,Rangel,Internacional,LAT,1.0,0.0,0.0,0.0,0.0,27.839905898996605,11.579473216390596,0.0,0.0,0.0,0,3,34.96114698259281,30.16898230099481,34.96114698259281,mandante,0.0,0.0,0,0.0,0.0,0.0,0,0,0.0
2997,17,116835,Reginaldo,Goiás,ATA,1.0,0.0,0.0,0.0,0.0,28.542383810347825,10.895859524490506,0.0,0.0,0.0,0,5,32.722730630932496,30.16898230099481,32.722730630932496,mandante,0.0,0.0,0,0.0,0.0,0.0,0,0,0.0
2998,17,101684,Philippe Costa,Goiás,ATA,1.55,0.0,0.0,0.0,0.0,28.10665396285327,10.895859524490506,0.8405882352941176,0.26032304850686144,0.10049727107337783,0,5,32.722730630932496,30.16898230099481,32.722730630932496,mandante,3.3,0.0,0,2.2,0.0,2.2,0,0,0.0
1877,17,60852,Uendel,Cuiabá,LAT,2.87,0.0,0.0,0.0,0.0,28.542383810347825,10.895859524490506,0.0,0.0,0.0,0,13,32.09900028725026,30.16898230099481,32.09900028725026,mandante,1.3333333333333333,0.0,0,0.0,0.0,0.0,0,0,0.0
1876,17,100846,Lucas Esteves,Fortaleza,LAT,3.0,0.0,0.0,0.0,0.0,28.542383810347825,10.895859524490506,0.0,0.0,0.0,0,3,43.93008103934686,37.34678879993507,37.34678879993507,visitante,0.0,0.0,0,0.0,0.0,0.0,0,0,0.0
3000,17,118304,Pedrinho,Goiás,ATA,1.31,0.0,0.0,0.0,0.0,28.2622717655299,10.895859524490506,0.0,-0.037189006929551634,-0.008823529411764706,0,5,32.722730630932496,30.16898230099481,32.722730630932496,mandante,2.6,0.0,0,0.0,0.0,0.0,0,0,0.0
3001,17,109639,Gabriel Novaes,Goiás,ATA,2.57,0.0,0.0,0.0,0.0,27.493836048997288,10.895859524490506,0.5882352941176471,0.08677434950228713,0.004568237504413852,0,5,32.722730630932496,30.16898230099481,32.722730630932496,mandante,2.4,0.0,0,0.0,0.0,0.0,0,0,0.0
3002,17,90540,Diego Gonçalves,Goiás,ATA,1.86,0.0,0.0,0.0,0.0,28.180252029530926,10.895859524490506,2.4511764705882357,1.2024445573888365,0.3101917583550838,0,5,32.722730630932496,30.16898230099481,32.722730630932496,mandante,2.783333333333333,0.0,0,-1.0,1.8,-1.0,0,0,0.0
1872,17,115061,Thauan Lara,Internacional,LAT,2.76,0.4,-0.13,0.0,0.0,29.53453991607688,11.22732544419172,2.614117647058823,2.422694035767774,0.5776837265921229,0,3,34.96114698259281,30.16898230099481,34.96114698259281,mandante,3.2555555555555564,0.0,0,0.4,3.0,0.4,0,0,0.0
1898,17,106950,Fernando,Athletico-PR,LAT,4.73,0.0,0.0,10.953529411764707,0.0,32.65839114908245,11.238665565825961,0.8405882352941176,2.9179016962612074,0.5004304105090525,0,8,43.93008103934686,45.517941785667155,45.517941785667155,visitante,0.0,4.2444444444444445,0,0.0,0.0,0.0,0,0,0.0
1899,17,107225,Gustavo Garcia,Palmeiras,LAT,2.59,0.0,0.0,0.0,0.0,28.669465909748265,11.050658286100417,1.1435294117647057,0.5480420754883762,0.1360534995070556,0,9,43.93008103934686,39.84300076271127,39.84300076271127,visitante,0.0,3.105555555555556,0,0.0,0.0,0.0,0,0,0.0
1900,17,107236,Vanderlan,Palmeiras,LAT,6.13,0.0,0.0,5.882352941176472,0.0,32.10956825988521,10.895859524490506,1.6805882352941175,1.7590382745514008,0.19104237892259754,0,9,43.93008103934686,39.84300076271127,39.84300076271127,visitante,0.0,3.872222222222223,0,0.0,0.0,0.0,0,0,0.0
1901,17,116450,André,Bahia,LAT,2.08,0.0,0.0,0.0,0.0,28.97811365784239,10.895859524490506,0.0,0.14179291689844353,0.02601141722511789,0,3,48.4489626742781,30.16898230099481,48.4489626742781,mandante,0.0,0.0,0,0.0,0.0,0.0,0,0,0.0
1928,17,95466,Igor Vinícius,São Paulo,LAT,6.0,0.0,0.0,0.0,0.0,28.542383810347825,10.895859524490506,0.0,0.0,0.0,0,8,49.10198009508934,30.16898230099481,49.10198009508934,mandante,0.0,0.0,0,0.0,0.0,0.0,0,0,0.0
1927,17,93716,Paulo Henrique,Vasco,LAT,3.49,0.0,-0.77,0.0,0.0,29.473261211813465,11.063926751381263,0.0,1.051867435073112,0.14279624893435636,0,1,18.328328312270585,30.16898230099481,18.328328312270585,mandante,3.321428571428572,0.0,0,5.0,0.0,5.0,0,0,0.0
1926,17,124728,João Henrique,Fluminense,LAT,1.0,0.0,0.0,0.0,0.0,28.20630427076686,11.363653656781285,0.0,0.0,0.0,0,7,31.387610482088785,30.16898230099481,31.387610482088785,mandante,0.0,0.0,0,0.0,0.0,0.0,0,0,0.0
1925,17,124358,João Vitor,Coritiba,LAT,1.0,0.0,0.0,0.0,0.0,28.542383810347825,10.895859524490506,0.0,0.0,0.0,0,10,17.80389281930546,30.16898230099481,17.80389281930546,mandante,0.0,0.0,0,0.0,0.0,0.0,0,0,0.0
1924,17,116000,Wallison,Botafogo,LAT,1.0,0.0,0.0,0.0,0.0,27.333208784821693,8.218726399827382,0.0,0.0,0.0,0,13,43.93008103934686,51.46518602047724,51.46518602047724,visitante,0.0,0.0,0,0.0,0.0,0.0,0,0,0.0
1923,17,86410,Victor Luis,Coritiba,LAT,4.23,0.0,0.0,5.882352941176472,1.96078431372549,31.576301597913467,11.379730492232444,1.666470588235294,3.6159374147184575,0.5617586419074183,0,10,17.80389281930546,30.16898230099481,17.80389281930546,mandante,4.307499999999999,0.0,0,7.8,8.2,7.8,0,0,0.0
1922,17,125804,Rafael Monteiro,Fluminense,LAT,1.0,0.0,0.0,0.0,0.0,27.333208784821693,8.218726399827382,0.0,0.0,0.0,0,7,31.387610482088785,30.16898230099481,31.387610482088785,mandante,0.0,0.0,0,0.0,0.0,0.0,0,0,0.0
1921,17,101708,Felipe Jonatan,Santos,LAT,6.06,0.0,0.0,0.0,0.0,29.58044609408485,10.895859524490506,0.0,0.25487447432139665,0.02016806722689076,0,4,30.353273442413386,30.16898230099481,30.353273442413386,mandante,0.0,0.0,0,0.0,0.0,0.0,0,0,0.0
1920,17,105914,Cadu Silva,Santos,LAT,0.71,0.0,0.0,0.0,0.0,27.792492953783285,6.5749811198619055,0.0,0.0,0.0,0,4,30.353273442413386,30.16898230099481,30.353273442413386,mandante,0.0,0.0,0,0.0,0.0,0.0,0,0,0.0
2986,17,118676,Weslley Patati,Santos,ATA,1.7,0.0,0.0,0.0,0.0,31.254207425116267,10.961557483997877,0.0,0.6499299095195615,0.35999999999999993,0,4,30.353273442413386,30.16898230099481,30.353273442413386,mandante,0.0,0.0,0,0.0,0.0,0.0,0,0,0.0
1917,17,118774,Alexsander,Fluminense,LAT,10.06,0.0,0.0,5.0711764705882345,0.0,29.94781200894491,11.420265937179652,0.7994117647058824,2.613905586121826,0.23011370966185424,0,7,31.387610482088785,30.16898230099481,31.387610482088785,mandante,4.877777777777778,0.0,0,0.0,0.0,0.0,0,0,0.0
2987,17,83276,Julio Furch,Santos,ATA,6.0,0.0,-1.68,0.0,0.0,27.188940092165893,10.764375876577839,0.0,0.0,0.0,0,4,30.353273442413386,30.16898230099481,30.353273442413386,mandante,0.0,0.0,0,0.0,0.0,0.0,0,0,0.0
1915,17,88065,Jorge,Fluminense,LAT,4.0,0.0,0.0,0.0,0.0,28.542383810347825,10.895859524490506,0.0,0.0,0.0,0,7,31.387610482088785,30.16898230099481,31.387610482088785,mandante,0.0,0.0,0,0.0,0.0,0.0,0,0,0.0
2988,17,110759,John Kennedy,Fluminense,ATA,9.0,0.0,0.0,8.14470588235294,10.588235294117649,27.27925787922045,10.895859524490506,7.494705882352941,3.0740312885477645,0.24789618640382866,0,7,31.387610482088785,30.16898230099481,31.387610482088785,mandante,1.9527777777777775,0.0,0,-0.5666666666666668,0.30000000000000004,-0.5666666666666668,0,0,0.0
1913,17,118701,Kevyson,Santos,LAT,0.72,0.0,0.0,0.0,0.0,29.85859125101529,11.579473216390596,0.0,0.4663848887756114,0.2604314539529485,0,4,30.353273442413386,30.16898230099481,30.353273442413386,mandante,2.6625,0.0,0,2.3,0.4,2.3,0,0,0.0
1912,17,90232,Raí Ramos,São Paulo,LAT,5.3,0.0,0.0,0.0,0.0,29.42823114892426,11.269436374585386,1.6623529411764706,1.5325967815467585,0.1708853518878063,0,8,49.10198009508934,30.16898230099481,49.10198009508934,mandante,5.2444444444444445,0.0,0,0.0,0.0,0.0,0,0,0.0
1911,17,88368,Gabriel Dias,Vasco,LAT,3.0,0.0,0.0,0.0,0.0,28.542383810347825,10.895859524490506,0.0,0.0,0.0,0,1,18.328328312270585,30.16898230099481,18.328328312270585,mandante,0.0,0.0,0,0.0,0.0,0.0,0,0,0.0
1910,17,116137,João Moreira,São Paulo,LAT,3.0,0.0,0.0,0.0,0.0,28.542383810347825,10.895859524490506,0.0,0.0,0.0,0,8,49.10198009508934,30.16898230099481,49.10198009508934,mandante,0.0,0.0,0,0.0,0.0,0.0,0,0,0.0
2989,17,86799,Rodrigo Pinho,Coritiba,ATA,3.27,0.0,0.0,0.0,0.0,26.67387169962118,10.895859524490506,7.355882352941178,1.7738560902392433,0.2723309387533138,0,10,17.80389281930546,30.16898230099481,17.80389281930546,mandante,2.7125,0.0,0,0.85,1.5,0.85,0,0,0.0
1908,17,106829,Patryck,São Paulo,LAT,5.24,0.0,0.0,0.0,0.0,33.510159935619214,11.721925062368188,0.42,2.7062943167819347,0.4732547216170873,0,8,49.10198009508934,30.16898230099481,49.10198009508934,mandante,5.594444444444445,0.0,0,7.7,7.9,7.7,0,0,0.0
1907,17,61106,Cicinho,Bahia,LAT,4.73,0.0,0.0,0.0,0.0,30.34685377561545,11.407994049907767,2.2494117647058824,3.5884515122759937,0.544661572872328,0,3,48.4489626742781,30.16898230099481,48.4489626742781,mandante,3.8375,0.0,0,4.8,2.4,4.8,0,0,0.0
2990,17,62969,Alan,Fluminense,ATA,5.29,0.0,0.0,5.882352941176472,1.1764705882352942,28.542383810347825,10.895859524490506,0.5882352941176471,0.7831926849803222,0.1176470588235294,0,7,31.387610482088785,30.16898230099481,31.387610482088785,mandante,0.0,0.0,0,0.0,0.0,0.0,0,0,0.0
1904,17,109199,DG,Botafogo,LAT,2.0,0.0,0.0,0.0,0.0,28.542383810347825,10.895859524490506,0.0,0.0,0.0,0,13,43.93008103934686,51.46518602047724,51.46518602047724,visitante,0.0,0.0,0,0.0,0.0,0.0,0,0,0.0
1903,17,122300,Ryan,Bahia,LAT,4.03,0.0,0.0,10.626470588235296,0.0,32.58600087020554,11.24459535709731,0.29411764705882354,3.4466585953775506,0.7316192768122842,0,3,48.4489626742781,30.16898230099481,48.4489626742781,mandante,3.7075,0.0,0,4.1,2.05,4.1,0,0,0.0
1902,17,110021,Jhoanner Chávez,Bahia,LAT,6.15,0.0,0.0,5.0711764705882345,0.0,30.9283425602981,11.199314239709928,2.973529411764705,3.3484942682940133,0.2957910974399961,0,3,48.4489626742781,30.16898230099481,48.4489626742781,mandante,3.3375,0.0,0,2.9,2.45,2.9,0,0,0.0
1871,17,89273,João Pedro,Grêmio,LAT,11.69,0.7,-1.23,11.764705882352944,1.96078431372549,36.81862475860807,11.236442407767887,0.833125,4.4954478435254215,0.3766295741866216,0,8,43.93008103934686,58.22074717959054,58.22074717959054,visitante,0.0,4.1862499999999985,0,4.475,0.14999999999999994,4.475,0,0,0.0
1870,17,63013,Marcos Rocha,Palmeiras,LAT,4.5,0.9,0.17,0.0,0.0,30.0994083470576,11.042918348019919,0.0,1.281711305577654,0.16601503377528848,0,9,43.93008103934686,39.84300076271127,39.84300076271127,visitante,0.0,3.955555555555556,0,-0.6,4.25,-0.6,0,0,0.0
3003,17,121238,Wendell,Goiás,ATA,1.0,0.0,0.0,0.0,0.0,28.20630427076686,11.363653656781285,0.0,0.0,0.0,0,5,32.722730630932496,30.16898230099481,32.722730630932496,mandante,0.0,0.0,0,0.0,0.0,0.0,0,0,0.0
3025,17,122233,Ronald Barcellos,Grêmio,ATA,3.0,0.0,0.0,0.0,0.0,28.542383810347825,10.895859524490506,0.0,0.0,0.0,0,8,43.93008103934686,58.22074717959054,58.22074717959054,visitante,0.0,0.0,0,0.0,0.0,0.0,0,0,0.0
3027,17,123153,Zinho,Grêmio,ATA,4.19,-0.1,-0.74,5.882352941176472,0.0,30.047547545671176,10.895859524490506,1.041875,1.2991431841380805,0.2481173265616061,0,8,43.93008103934686,58.22074717959054,58.22074717959054,visitante,0.0,3.43125,0,0.0,0.0,0.0,0,0,0.0
3728,17,87863,Arrascaeta,Flamengo,MEI,13.54,13.9,1.69,27.270000000000003,6.078431372549018,29.663457698837266,10.895859524490506,11.125294117647062,7.084798372600769,0.3548787850571685,0,9,43.93008103934686,41.30859449800376,41.30859449800376,visitante,0.0,4.9125,0,11.5,6.1,11.5,0,0,0.0
1832,17,100848,Luan Cândido,Bragantino,LAT,8.41,14.7,1.47,4.705882352941177,3.5294117647058822,28.332299776734384,11.476225450124975,1.4058823529411764,2.181266668370781,0.17622566666687142,0,8,43.93008103934686,59.926175380021455,59.926175380021455,visitante,0.0,7.31875,0,6.2,9.7,6.2,0,0,0.0
1831,17,78077,Madson,Athletico-PR,LAT,6.08,15.4,2.0,11.764705882352944,1.1764705882352942,27.466838775734953,11.551568458188058,1.373529411764706,3.942860836403594,0.42057976858964,0,8,43.93008103934686,45.517941785667155,45.517941785667155,visitante,0.0,2.2361111111111107,0,6.875,2.15,6.875,0,0,0.0
3963,17,111017,Leo Fernández,Fluminense,MEI,4.15,-2.4,-1.15,0.0,0.0,32.889629260597005,8.218726399827382,4.165,0.3744640025062165,0.05546044643691042,0,7,31.387610482088785,30.16898230099481,31.387610482088785,mandante,1.4027777777777777,0.0,0,-0.75,2.4,-0.75,0,0,0.0
3962,17,68770,Camacho,Santos,MEI,2.42,-1.9,-0.7,0.0,0.0,29.75418030910293,10.895859524490506,0.0,0.6159466462767085,0.14696343720378405,0,4,30.353273442413386,30.16898230099481,30.353273442413386,mandante,2.0625,0.0,0,0.0,0.0,0.0,0,0,0.0
3741,17,106822,Rodrigo Nestor,São Paulo,MEI,7.9,7.2,1.23,11.764705882352944,1.1764705882352942,29.70563200683365,10.895859524490506,11.821176470588233,4.8693897742814745,0.34908398265812496,0,8,49.10198009508934,30.16898230099481,49.10198009508934,mandante,4.419444444444443,0.0,0,4.9,0.033333333333333326,4.9,0,0,0.0
3960,17,105845,Matheus Araújo,Corinthians,MEI,5.73,-1.2,-0.64,5.882352941176472,1.96078431372549,27.35159756542608,10.895859524490506,0.888125,1.8447930410985682,0.6724361908182471,0,8,43.93008103934686,26.88642657966906,26.88642657966906,visitante,0.0,2.4145833333333333,0,-0.14999999999999994,-0.15,-0.14999999999999994,0,0,0.0
3748,17,94067,Matheus Fernandes,Bragantino,MEI,12.28,5.3,0.28,11.423529411764704,1.96078431372549,51.869686515789844,10.895859524490506,4.6635294117647055,7.6259127663744115,0.4879001658984352,0,8,43.93008103934686,59.926175380021455,59.926175380021455,visitante,0.0,5.761607142857143,0,4.425,6.633333333333333,4.425,0,0,0.0
3957,17,94931,Lucas Fernandes,Botafogo,MEI,2.6,-0.3,-0.17,0.0,0.0,25.049266872457576,10.895859524490506,4.374117647058823,0.6229858712957334,0.15671334963573924,0,13,43.93008103934686,51.46518602047724,51.46518602047724,visitante,0.0,3.575,0,-0.3,0.5,-0.3,0,0,0.0
3956,17,93886,Matheusinho,América-MG,MEI,4.43,-0.3,-0.72,0.0,0.0,29.46093586741981,10.895859524490506,2.803125,1.9773114337672828,0.20658536272102795,0,3,43.93008103934686,26.068996181365318,26.068996181365318,visitante,0.0,3.03125,0,-0.3,2.5500000000000003,-0.3,0,0,0.0
3955,17,79268,Filipe Augusto,Cuiabá,MEI,1.66,-0.3,-0.06,0.0,0.0,30.295788371216272,10.895859524490506,0.0,1.0465724751439036,0.39045924465540893,0,13,32.09900028725026,30.16898230099481,32.09900028725026,mandante,0.7041666666666666,0.0,0,-0.15000000000000002,0.6,-0.15000000000000002,0,0,0.0
3954,17,82766,Wellington Rato,São Paulo,MEI,5.65,-0.2,-0.29,5.446470588235294,0.0,32.475114397838986,10.895859524490506,4.054705882352942,2.9196938686428755,0.2950826295582344,0,8,49.10198009508934,30.16898230099481,49.10198009508934,mandante,3.1158730158730163,0.0,0,0.8999999999999999,1.2,0.8999999999999999,0,0,0.0
3952,17,115671,Mila,Grêmio,MEI,0.91,0.0,0.0,0.0,0.0,27.33620436887427,10.895859524490506,2.585625,0.3814944270881664,0.3540792556308973,0,8,43.93008103934686,58.22074717959054,58.22074717959054,visitante,0.0,3.50625,0,0.9,0.0,0.9,0,0,0.0
3951,17,69034,Paulinho,Corinthians,MEI,4.5,0.0,0.0,0.0,0.0,31.04063682114409,10.895859524490506,1.25,1.026242486438938,0.10208954963728922,0,8,43.93008103934686,26.88642657966906,26.88642657966906,visitante,0.0,3.23125,0,0.0,0.0,0.0,0,0,0.0
3950,17,86759,Luan,Grêmio,MEI,5.0,0.0,0.0,0.0,0.0,28.57142857142857,2.1739130434782608,0.0,0.0,0.0,0,8,43.93008103934686,58.22074717959054,58.22074717959054,visitante,0.0,0.0,0,0.0,0.0,0.0,0,0,0.0
3949,17,51548,Giuliano,Corinthians,MEI,2.75,0.0,0.0,0.0,0.0,31.465616867524403,10.895859524490506,1.674375,1.160631383472609,0.20434371717880895,0,8,43.93008103934686,26.88642657966906,26.88642657966906,visitante,0.0,2.525,0,0.0,0.0,0.0,0,0,0.0
3948,17,107726,Chrystian Barletta,Corinthians,MEI,4.79,0.0,0.0,0.0,0.0,29.11752642701293,10.895859524490506,1.785625,0.8185505546596294,0.06945701357466062,0,8,43.93008103934686,26.88642657966906,26.88642657966906,visitante,0.0,2.88125,0,0.0,0.0,0.0,0,0,0.0
3947,17,122398,Adryan,Corinthians,MEI,1.0,0.0,0.0,0.0,0.0,27.847596219199577,12.063420651643069,0.0,0.0,0.0,0,8,43.93008103934686,26.88642657966906,26.88642657966906,visitante,0.0,0.0,0,0.0,0.0,0.0,0,0,0.0
3946,17,108528,Galarza,Vasco,MEI,2.36,0.0,0.0,4.705882352941177,3.5294117647058822,29.680447712810654,10.895859524490506,3.249375,2.8000414820960318,0.7328770535178455,0,1,18.328328312270585,30.16898230099481,18.328328312270585,mandante,2.521428571428572,0.0,0,0.0,0.0,0.0,0,0,0.0
3945,17,60793,Alex Teixeira,Vasco,MEI,6.0,0.0,0.0,16.835882352941177,0.0,24.672670115135986,10.895859524490506,9.344375,5.614897998488868,0.3665453065842956,0,1,18.328328312270585,30.16898230099481,18.328328312270585,mandante,3.7,0.0,0,2.2333333333333334,3.3,2.2333333333333334,0,0,0.0
3944,17,118752,Mateus Carvalho,Vasco,MEI,2.6,0.0,0.0,0.0,0.0,28.48675252634284,10.895859524490506,1.339375,1.333353086712396,0.2065087451132187,0,1,18.328328312270585,30.16898230099481,18.328328312270585,mandante,2.921428571428572,0.0,0,1.25,0.0,1.25,0,0,0.0
3943,17,122485,Barros,Vasco,MEI,2.3,0.0,0.0,5.882352941176472,1.1764705882352942,27.95271612509191,10.895859524490506,1.488125,1.8074341842101365,0.3932486256372172,0,1,18.328328312270585,30.16898230099481,18.328328312270585,mandante,3.146428571428572,0.0,0,0.0,0.0,0.0,0,0,0.0
3751,17,109461,Calebe,Fortaleza,MEI,6.07,4.8,0.8,5.882352941176472,0.0,30.92026244732202,10.895859524490506,8.58294117647059,5.040781683434768,0.4909464686884565,0,3,43.93008103934686,37.34678879993507,37.34678879993507,visitante,0.0,3.9375,0,2.475,2.4,2.475,0,0,0.0
3941,17,105902,Zé Gabriel,Vasco,MEI,2.47,0.0,0.0,0.0,0.0,30.606687106604358,10.895859524490506,1.66125,1.1703877094475474,0.21053070340262245,0,1,18.328328312270585,30.16898230099481,18.328328312270585,mandante,2.296428571428572,0.0,0,0.3,4.4,0.3,0,0,0.0
3026,17,88323,Ángel Romero,Corinthians,ATA,2.97,0.0,0.0,0.0,0.0,28.79997704371961,10.895859524490506,0.0,0.23212627669452174,0.031006236305410405,0,8,43.93008103934686,26.88642657966906,26.88642657966906,visitante,0.0,2.08125,0,0.0,0.0,0.0,0,0,0.0
3024,17,126117,Gustavo Gomes,Grêmio,ATA,1.0,0.0,0.0,0.0,0.0,27.188940092165893,10.764375876577839,0.0,0.0,0.0,0,8,43.93008103934686,58.22074717959054,58.22074717959054,visitante,0.0,0.0,0,0.0,0.0,0.0,0,0,0.0
3004,17,50347,Alan Kardec,Atlético-MG,ATA,4.49,0.0,-0.13,5.3476470588235285,1.6806722689075628,27.291417473992496,10.895859524490506,1.6941176470588233,0.9328753763304076,0.09006959078467433,0,2,43.93008103934686,20.68600323441277,20.68600323441277,visitante,0.0,4.302777777777777,0,-0.10000000000000002,4.55,-0.10000000000000002,0,0,0.0
3023,17,122486,Rayan,Vasco,ATA,2.09,0.0,0.0,6.1724999999999985,8.333333333333334,28.781624406528977,11.579473216390596,5.628181818181819,3.316098510101384,1.1437100263839035,0,1,18.328328312270585,30.16898230099481,18.328328312270585,mandante,2.3464285714285715,0.0,0,0.55,1.1,0.55,0,0,0.0
1867,17,97133,Dudu,Fortaleza,LAT,4.75,1.2,-0.13,0.0,0.0,29.841792462697658,11.032658430099263,0.49,1.045418788556287,0.10207662709559252,0,3,43.93008103934686,37.34678879993507,37.34678879993507,visitante,0.0,4.7875,0,1.2,0.6,1.2,0,0,0.0
3005,17,69102,Vargas,Atlético-MG,ATA,3.95,0.0,0.0,5.882352941176472,0.980392156862745,27.68506062282596,10.895859524490506,2.8011764705882345,1.4311156341432385,0.17995716594715333,0,2,43.93008103934686,20.68600323441277,20.68600323441277,visitante,0.0,2.1777777777777776,0,0.6,-0.43333333333333335,0.6,0,0,0.0
1865,17,87228,Guilherme Arana,Atlético-MG,LAT,9.71,1.5,-0.93,0.0,0.0,31.47178379857135,11.042918348019919,0.39235294117647057,1.261501929355892,0.07908715204785631,0,2,43.93008103934686,20.68600323441277,20.68600323441277,visitante,0.0,3.811111111111111,0,0.4,3.5666666666666664,0.4,0,0,0.0
3006,17,113667,Ryan Luka,Flamengo,ATA,1.0,0.0,0.0,0.0,0.0,28.542383810347825,10.895859524490506,0.0,0.0,0.0,0,9,43.93008103934686,41.30859449800376,41.30859449800376,visitante,0.0,0.0,0,0.0,0.0,0.0,0,0,0.0
3007,17,112984,Werton,Flamengo,ATA,2.0,0.0,0.0,0.0,0.0,28.542383810347825,10.895859524490506,0.0,0.0,0.0,0,9,43.93008103934686,41.30859449800376,41.30859449800376,visitante,0.0,0.0,0,0.0,0.0,0.0,0,0,0.0
1862,17,122668,Bruno Santos,Goiás,LAT,2.2,1.8,-0.12,0.0,0.0,26.39802902907621,10.895859524490506,0.5347058823529411,0.508249761370539,0.115432244555689,0,5,32.722730630932496,30.16898230099481,32.722730630932496,mandante,3.3166666666666664,0.0,0,1.8,2.6,1.8,0,0,0.0
3008,17,111694,Mateusão,Flamengo,ATA,2.0,0.0,0.0,0.0,0.0,28.542383810347825,10.895859524490506,0.0,0.0,0.0,0,9,43.93008103934686,41.30859449800376,41.30859449800376,visitante,0.0,0.0,0,0.0,0.0,0.0,0,0,0.0
1860,17,105531,Matheus Bidu,Corinthians,LAT,5.92,2.1,-0.13,0.0,0.0,32.37201680170079,11.22732544419172,5.041875,4.569222499144798,0.4140350037369097,0,8,43.93008103934686,26.88642657966906,26.88642657966906,visitante,0.0,3.84375,0,1.9,2.6,1.9,0,0,0.0
3009,17,114174,André Luiz,Flamengo,ATA,1.29,0.0,0.0,0.0,0.0,28.860348834195204,10.895859524490506,0.0,-0.008768314817575208,-0.004142502071251036,0,9,43.93008103934686,41.30859449800376,41.30859449800376,visitante,0.0,0.0,0,0.0,0.0,0.0,0,0,0.0
3011,17,124830,Lian,Grêmio,ATA,0.72,0.0,0.0,0.0,0.0,28.52693469784355,10.961557483997877,0.0,0.0,0.0,0,8,43.93008103934686,58.22074717959054,58.22074717959054,visitante,0.0,6.3125,0,0.0,0.0,0.0,0,0,0.0
3012,17,123022,Pedro,Corinthians,ATA,1.48,0.0,0.0,0.0,0.0,27.47072391515852,10.895859524490506,2.71125,0.7941162097444168,0.28982048915409697,0,8,43.93008103934686,26.88642657966906,26.88642657966906,visitante,0.0,2.864583333333333,0,0.0,0.0,0.0,0,0,0.0
3013,17,117909,Wesley,Corinthians,ATA,3.21,0.0,0.0,0.0,0.0,32.184208883605265,11.169513738206703,4.613333333333333,2.5721846935745187,0.6364880768829124,0,8,43.93008103934686,26.88642657966906,26.88642657966906,visitante,0.0,3.564583333333333,0,2.1,1.7,2.1,0,0,0.0
1855,17,116461,Jamerson,Coritiba,LAT,7.3000000000000025,2.4,-0.65,0.0,0.0,41.43917034785541,11.379730492232444,4.709411764705883,6.0379332302374245,0.5613757931766995,0,10,17.80389281930546,30.16898230099481,17.80389281930546,mandante,3.873214285714286,0.0,0,4.366666666666666,3.575,4.366666666666666,0,0,0.0
3014,17,111408,Felipe Augusto,Corinthians,ATA,1.21,0.0,0.0,0.0,0.0,26.063239876736354,11.576652925660513,0.8928571428571429,0.16615354542344718,0.034779811974270165,0,8,43.93008103934686,26.88642657966906,26.88642657966906,visitante,0.0,1.95625,0,0.1,-0.3,0.1,0,0,0.0
3015,17,97450,Gustavo Mosquito,Corinthians,ATA,5.0,0.0,0.0,0.0,0.0,28.542383810347825,10.895859524490506,0.0,0.0,0.0,0,8,43.93008103934686,26.88642657966906,26.88642657966906,visitante,0.0,0.0,0,0.0,0.0,0.0,0,0,0.0
3016,17,89918,Everton Galdino,Grêmio,ATA,5.54,0.0,0.0,16.835882352941177,2.156862745098039,29.17245954255549,10.895859524490506,3.63625,3.051955416705331,0.4389210643442201,0,8,43.93008103934686,58.22074717959054,58.22074717959054,visitante,0.0,5.02625,0,0.0,0.0,0.0,0,0,0.0
3017,17,117849,Giovane,Corinthians,ATA,2.44,0.0,0.0,0.0,0.0,28.93454067309293,10.895859524490506,0.0,0.1466060694912769,0.023529411764705882,0,8,43.93008103934686,26.88642657966906,26.88642657966906,visitante,0.0,0.0,0,0.0,0.0,0.0,0,0,0.0
3018,17,125471,Serginho,Vasco,ATA,2.93,0.0,0.0,0.0,0.0,28.533233694524018,6.5749811198619055,0.0,0.957051215573564,0.09994011976047903,0,1,18.328328312270585,30.16898230099481,18.328328312270585,mandante,2.546428571428572,0.0,0,0.95,0.0,0.95,0,0,0.0
3019,17,121184,Erick Marcus,Vasco,ATA,3.82,0.0,0.0,5.882352941176472,0.980392156862745,31.962461518850585,10.895859524490506,2.7375000000000003,3.659313471310685,0.4907202944370195,0,1,18.328328312270585,30.16898230099481,18.328328312270585,mandante,2.841428571428572,0.0,0,1.5,1.9,1.5,0,0,0.0
1848,17,80313,Gilberto,Bahia,LAT,8.53,3.9,-0.5,0.0,0.0,31.43915805206128,11.476157082748948,5.126666666666667,8.838425153336313,0.6476413777703345,0,3,48.4489626742781,30.16898230099481,48.4489626742781,mandante,6.6375,0.0,0,10.4,3.9,10.4,0,0,0.0
3020,17,105998,Vinícius Paiva,Vasco,ATA,2.0,0.0,0.0,0.0,0.0,28.542383810347825,10.895859524490506,0.0,0.0,0.0,0,1,18.328328312270585,30.16898230099481,18.328328312270585,mandante,0.0,0.0,0,0.0,0.0,0.0,0,0,0.0
1846,17,106824,Welington,São Paulo,LAT,5.34,4.7,0.45,0.0,0.0,28.17331726481069,11.023736762342171,0.3270588235294117,0.6401986555828232,0.06773990495074435,0,8,49.10198009508934,30.16898230099481,49.10198009508934,mandante,3.844444444444445,0.0,0,3.3,0.0,3.3,0,0,0.0
3021,17,72134,Iturbe,Grêmio,ATA,4.81,0.0,0.0,0.0,0.0,30.55901523643459,8.218726399827382,0.0,0.7449451988410818,0.07083333333333333,0,8,43.93008103934686,58.22074717959054,58.22074717959054,visitante,0.0,6.3125,0,1.7,0.0,1.7,0,0,0.0
1844,17,96725,Saravia,Atlético-MG,LAT,5.99,5.6,0.91,4.744117647058824,0.0,30.31586866285936,11.391654180626722,1.8382352941176472,3.8375100708137206,0.33772715899322664,0,2,43.93008103934686,20.68600323441277,20.68600323441277,visitante,0.0,4.094444444444443,0,2.65,2.1666666666666665,2.65,0,0,0.0
3022,17,126116,Freddy,Grêmio,ATA,0.94,0.0,0.0,0.0,0.0,27.188940092165893,10.764375876577839,0.0,0.4382030581418128,0.25,0,8,43.93008103934686,58.22074717959054,58.22074717959054,visitante,0.0,6.3125,0,0.5,0.0,0.5,0,0,0.0
3921,17,97993,Jhonata Varela,Grêmio,MEI,3.0,0.0,0.0,0.0,0.0,28.542383810347825,10.895859524490506,0.0,0.0,0.0,0,8,43.93008103934686,58.22074717959054,58.22074717959054,visitante,0.0,0.0,0,0.0,0.0,0.0,0,0,0.0
